base_lf1, lf1_lf2, lf2_lf3, base_rf1, rf1_rf2, rf2_rf3, base_rb1, rb1_rb2, rb2_rb3, base_lb1, lb1_lb2, lb2_lb3
-0.53671, 0.52048, -2.06583, 0.36761, 0.50764, -2.06975, -0.03943, 0.95689, -2.56312, -0.08695, 0.93877, -2.62033
-0.53655, 0.52058, -2.06586, 0.36747, 0.50767, -2.06958, -0.03930, 0.95687, -2.56287, -0.08661, 0.93879, -2.62029
-0.53618, 0.52069, -2.06584, 0.36727, 0.50764, -2.06924, -0.03909, 0.95685, -2.56260, -0.08638, 0.93877, -2.62024
-0.53573, 0.52071, -2.06562, 0.36708, 0.50757, -2.06880, -0.03886, 0.95681, -2.56222, -0.08640, 0.93874, -2.62004
-0.53538, 0.52061, -2.06519, 0.36690, 0.50738, -2.06823, -0.03855, 0.95672, -2.56186, -0.08691, 0.93864, -2.61975
-0.53516, 0.52043, -2.06445, 0.36670, 0.50715, -2.06749, -0.03833, 0.95666, -2.56145, -0.08775, 0.93854, -2.61931
-0.53493, 0.52017, -2.06352, 0.36665, 0.50686, -2.06662, -0.03790, 0.95657, -2.56095, -0.08873, 0.93840, -2.61874
-0.53497, 0.51979, -2.06232, 0.36662, 0.50652, -2.06565, -0.03761, 0.95649, -2.56042, -0.08949, 0.93832, -2.61808
-0.53529, 0.51934, -2.06088, 0.36669, 0.50619, -2.06461, -0.03736, 0.95642, -2.55979, -0.09009, 0.93827, -2.61727
-0.53561, 0.51886, -2.05927, 0.36695, 0.50588, -2.06346, -0.03711, 0.95637, -2.55907, -0.09051, 0.93825, -2.61641
-0.53583, 0.51845, -2.05761, 0.36751, 0.50565, -2.06225, -0.03677, 0.95635, -2.55826, -0.09064, 0.93827, -2.61553
-0.53590, 0.51818, -2.05602, 0.36826, 0.50554, -2.06104, -0.03633, 0.95636, -2.55735, -0.09053, 0.93830, -2.61453
-0.53568, 0.51798, -2.05429, 0.36939, 0.50552, -2.05971, -0.03579, 0.95638, -2.55640, -0.09021, 0.93836, -2.61356
-0.53557, 0.51784, -2.05243, 0.37059, 0.50554, -2.05828, -0.03532, 0.95642, -2.55543, -0.09015, 0.93840, -2.61251
-0.53531, 0.51778, -2.05027, 0.37201, 0.50558, -2.05655, -0.03472, 0.95651, -2.55451, -0.09033, 0.93842, -2.61158
-0.53516, 0.51774, -2.04781, 0.37353, 0.50564, -2.05462, -0.03396, 0.95662, -2.55359, -0.09103, 0.93839, -2.61063
-0.53520, 0.51763, -2.04502, 0.37507, 0.50561, -2.05242, -0.03318, 0.95671, -2.55267, -0.09209, 0.93835, -2.60966
-0.53558, 0.51735, -2.04170, 0.37658, 0.50543, -2.04980, -0.03237, 0.95684, -2.55182, -0.09356, 0.93830, -2.60866
-0.53639, 0.51680, -2.03792, 0.37811, 0.50501, -2.04684, -0.03140, 0.95697, -2.55095, -0.09545, 0.93822, -2.60757
-0.53753, 0.51610, -2.03377, 0.37951, 0.50447, -2.04358, -0.03061, 0.95709, -2.55001, -0.09752, 0.93817, -2.60638
-0.53880, 0.51525, -2.02937, 0.38096, 0.50377, -2.04004, -0.03003, 0.95726, -2.54880, -0.09920, 0.93817, -2.60514
-0.54030, 0.51426, -2.02486, 0.38232, 0.50292, -2.03626, -0.02997, 0.95750, -2.54720, -0.10030, 0.93826, -2.60376
-0.54181, 0.51310, -2.02013, 0.38357, 0.50192, -2.03221, -0.03009, 0.95776, -2.54535, -0.10094, 0.93840, -2.60232
-0.54328, 0.51184, -2.01512, 0.38465, 0.50078, -2.02781, -0.03027, 0.95805, -2.54334, -0.10129, 0.93858, -2.60086
-0.54453, 0.51042, -2.00978, 0.38543, 0.49949, -2.02301, -0.03016, 0.95834, -2.54127, -0.10130, 0.93878, -2.59948
-0.54551, 0.50886, -2.00406, 0.38588, 0.49803, -2.01772, -0.02985, 0.95862, -2.53914, -0.10113, 0.93900, -2.59816
-0.54654, 0.50722, -1.99799, 0.38598, 0.49643, -2.01199, -0.02934, 0.95894, -2.53720, -0.10095, 0.93927, -2.59691
-0.54783, 0.50539, -1.99152, 0.38570, 0.49460, -2.00579, -0.02878, 0.95920, -2.53555, -0.10119, 0.93954, -2.59570
-0.54933, 0.50344, -1.98452, 0.38499, 0.49259, -1.99897, -0.02805, 0.95946, -2.53440, -0.10189, 0.93989, -2.59461
-0.55080, 0.50157, -1.97729, 0.38380, 0.49043, -1.99160, -0.02720, 0.95976, -2.53336, -0.10274, 0.94029, -2.59355
-0.55196, 0.49988, -1.96988, 0.38215, 0.48820, -1.98369, -0.02590, 0.96011, -2.53227, -0.10363, 0.94078, -2.59250
-0.55244, 0.49855, -1.96216, 0.37987, 0.48589, -1.97496, -0.02418, 0.96057, -2.53092, -0.10416, 0.94142, -2.59147
-0.55252, 0.49762, -1.95450, 0.37701, 0.48356, -1.96576, -0.02208, 0.96113, -2.52935, -0.10457, 0.94214, -2.59039
-0.55197, 0.49720, -1.94689, 0.37389, 0.48138, -1.95617, -0.01938, 0.96179, -2.52761, -0.10472, 0.94293, -2.58918
-0.55099, 0.49744, -1.93948, 0.37029, 0.47939, -1.94635, -0.01645, 0.96254, -2.52561, -0.10456, 0.94379, -2.58780
-0.54944, 0.49842, -1.93241, 0.36637, 0.47770, -1.93636, -0.01303, 0.96339, -2.52343, -0.10408, 0.94471, -2.58630
-0.54757, 0.50018, -1.92580, 0.36173, 0.47628, -1.92611, -0.00950, 0.96434, -2.52109, -0.10357, 0.94571, -2.58476
-0.54562, 0.50285, -1.91978, 0.35603, 0.47524, -1.91563, -0.00608, 0.96536, -2.51872, -0.10305, 0.94680, -2.58338
-0.54368, 0.50655, -1.91453, 0.34901, 0.47463, -1.90483, -0.00292, 0.96646, -2.51629, -0.10274, 0.94799, -2.58217
-0.54077, 0.51138, -1.91018, 0.34175, 0.47437, -1.89377, 0.00051, 0.96773, -2.51384, -0.10253, 0.94924, -2.58118
-0.53607, 0.51765, -1.90701, 0.33467, 0.47442, -1.88242, 0.00446, 0.96922, -2.51135, -0.10273, 0.95060, -2.58059
-0.52835, 0.52588, -1.90547, 0.32850, 0.47479, -1.87071, 0.00959, 0.97112, -2.50876, -0.10354, 0.95203, -2.58067
-0.51876, 0.53555, -1.90516, 0.32281, 0.47545, -1.85874, 0.01526, 0.97322, -2.50625, -0.10465, 0.95354, -2.58101
-0.50780, 0.54648, -1.90595, 0.31765, 0.47636, -1.84649, 0.02134, 0.97545, -2.50397, -0.10541, 0.95515, -2.58139
-0.49590, 0.55864, -1.90803, 0.31313, 0.47746, -1.83389, 0.02765, 0.97762, -2.50210, -0.10507, 0.95688, -2.58153
-0.48324, 0.57190, -1.91113, 0.30912, 0.47881, -1.82104, 0.03409, 0.97975, -2.50071, -0.10384, 0.95875, -2.58141
-0.46989, 0.58605, -1.91503, 0.30544, 0.48056, -1.80823, 0.04032, 0.98191, -2.49955, -0.10216, 0.96071, -2.58094
-0.45580, 0.60100, -1.91959, 0.30232, 0.48292, -1.79548, 0.04629, 0.98413, -2.49868, -0.09983, 0.96273, -2.58006
-0.44116, 0.61678, -1.92482, 0.29952, 0.48593, -1.78299, 0.05153, 0.98642, -2.49817, -0.09713, 0.96487, -2.57865
-0.42587, 0.63319, -1.93022, 0.29687, 0.48951, -1.77085, 0.05627, 0.98885, -2.49773, -0.09456, 0.96707, -2.57707
-0.40967, 0.65029, -1.93524, 0.29424, 0.49373, -1.75906, 0.06045, 0.99152, -2.49727, -0.09253, 0.96929, -2.57562
-0.39238, 0.66827, -1.93942, 0.29119, 0.49857, -1.74778, 0.06369, 0.99465, -2.49670, -0.09188, 0.97151, -2.57467
-0.37460, 0.68670, -1.94294, 0.28812, 0.50409, -1.73699, 0.06636, 0.99798, -2.49607, -0.09183, 0.97374, -2.57386
-0.35660, 0.70525, -1.94589, 0.28538, 0.51033, -1.72641, 0.06883, 1.00132, -2.49537, -0.09190, 0.97602, -2.57323
-0.33898, 0.72374, -1.94893, 0.28327, 0.51743, -1.71566, 0.07135, 1.00443, -2.49473, -0.09167, 0.97833, -2.57261
-0.32173, 0.74192, -1.95151, 0.28166, 0.52529, -1.70514, 0.07400, 1.00736, -2.49413, -0.09091, 0.98071, -2.57200
-0.30511, 0.75960, -1.95269, 0.28011, 0.53374, -1.69582, 0.07657, 1.01016, -2.49354, -0.08957, 0.98307, -2.57132
-0.28963, 0.77658, -1.95126, 0.27796, 0.54256, -1.68892, 0.07871, 1.01277, -2.49300, -0.08728, 0.98544, -2.57047
-0.27579, 0.79266, -1.94658, 0.27493, 0.55165, -1.68502, 0.08049, 1.01518, -2.49257, -0.08389, 0.98780, -2.56944
-0.26431, 0.80758, -1.93958, 0.27179, 0.56143, -1.68303, 0.08168, 1.01752, -2.49211, -0.08032, 0.99017, -2.56827
-0.25635, 0.82088, -1.93068, 0.26902, 0.57213, -1.68241, 0.08216, 1.01981, -2.49165, -0.07706, 0.99251, -2.56708
-0.25410, 0.83185, -1.92032, 0.26717, 0.58418, -1.68280, 0.08156, 1.02216, -2.49109, -0.07500, 0.99483, -2.56594
-0.25537, 0.84099, -1.90826, 0.26573, 0.59741, -1.68414, 0.08040, 1.02446, -2.49047, -0.07348, 0.99714, -2.56470
-0.25899, 0.84832, -1.89416, 0.26420, 0.61174, -1.68642, 0.07893, 1.02673, -2.48987, -0.07235, 0.99946, -2.56338
-0.26474, 0.85356, -1.87679, 0.26213, 0.62734, -1.68964, 0.07763, 1.02896, -2.48927, -0.07115, 1.00186, -2.56190
-0.27106, 0.85678, -1.85700, 0.25966, 0.64417, -1.69360, 0.07653, 1.03111, -2.48874, -0.07006, 1.00428, -2.56029
-0.27617, 0.85825, -1.83650, 0.25667, 0.66212, -1.69787, 0.07502, 1.03323, -2.48820, -0.06985, 1.00675, -2.55860
-0.27727, 0.85767, -1.81685, 0.25322, 0.68138, -1.70196, 0.07311, 1.03531, -2.48765, -0.07119, 1.00923, -2.55681
-0.27312, 0.85517, -1.79887, 0.24928, 0.70202, -1.70546, 0.07045, 1.03740, -2.48715, -0.07436, 1.01170, -2.55508
-0.26699, 0.85170, -1.78198, 0.24488, 0.72365, -1.70868, 0.06731, 1.03939, -2.48671, -0.07871, 1.01415, -2.55332
-0.26033, 0.84800, -1.76603, 0.24001, 0.74614, -1.71172, 0.06351, 1.04121, -2.48653, -0.08400, 1.01659, -2.55164
-0.25432, 0.84478, -1.75127, 0.23460, 0.76943, -1.71476, 0.05916, 1.04275, -2.48681, -0.09026, 1.01898, -2.55012
-0.24905, 0.84202, -1.73741, 0.22902, 0.79334, -1.71743, 0.05435, 1.04413, -2.48732, -0.09663, 1.02132, -2.54858
-0.24491, 0.83990, -1.72405, 0.22381, 0.81784, -1.71945, 0.04932, 1.04543, -2.48800, -0.10228, 1.02368, -2.54675
-0.24300, 0.83901, -1.71132, 0.21988, 0.84290, -1.72091, 0.04417, 1.04675, -2.48872, -0.10556, 1.02605, -2.54437
-0.24271, 0.83917, -1.69901, 0.21694, 0.86839, -1.72148, 0.03907, 1.04807, -2.48943, -0.10724, 1.02847, -2.54142
-0.24280, 0.83989, -1.68676, 0.21425, 0.89395, -1.72056, 0.03370, 1.04944, -2.49008, -0.10883, 1.03089, -2.53812
-0.24211, 0.84107, -1.67419, 0.21155, 0.91942, -1.71792, 0.02833, 1.05090, -2.49065, -0.11159, 1.03327, -2.53447
-0.24018, 0.84257, -1.66114, 0.20847, 0.94455, -1.71325, 0.02277, 1.05250, -2.49102, -0.11630, 1.03561, -2.53046
-0.23812, 0.84413, -1.64796, 0.20507, 0.96925, -1.70624, 0.01701, 1.05419, -2.49135, -0.12211, 1.03795, -2.52633
-0.23654, 0.84549, -1.63495, 0.20111, 0.99345, -1.69655, 0.01107, 1.05599, -2.49180, -0.12918, 1.04036, -2.52224
-0.23601, 0.84640, -1.62211, 0.19627, 1.01703, -1.68335, 0.00474, 1.05796, -2.49255, -0.13752, 1.04293, -2.51854
-0.23622, 0.84695, -1.60960, 0.19133, 1.03962, -1.66777, -0.00182, 1.05999, -2.49344, -0.14654, 1.04554, -2.51501
-0.23717, 0.84725, -1.59736, 0.18677, 1.06086, -1.65049, -0.00871, 1.06195, -2.49433, -0.15549, 1.04809, -2.51156
-0.23898, 0.84715, -1.58527, 0.18369, 1.08004, -1.63244, -0.01606, 1.06376, -2.49517, -0.16339, 1.05041, -2.50832
-0.24156, 0.84672, -1.57348, 0.18204, 1.09719, -1.61403, -0.02377, 1.06541, -2.49600, -0.17057, 1.05256, -2.50519
-0.24471, 0.84603, -1.56235, 0.18166, 1.11239, -1.59572, -0.03121, 1.06697, -2.49676, -0.17704, 1.05465, -2.50204
-0.24829, 0.84496, -1.55207, 0.18300, 1.12545, -1.57817, -0.03807, 1.06849, -2.49748, -0.18295, 1.05674, -2.49881
-0.25228, 0.84347, -1.54301, 0.18617, 1.13614, -1.56208, -0.04393, 1.06996, -2.49817, -0.18822, 1.05883, -2.49542
-0.25640, 0.84191, -1.53489, 0.18990, 1.14478, -1.54711, -0.04924, 1.07141, -2.49879, -0.19319, 1.06092, -2.49206
-0.26064, 0.84039, -1.52794, 0.19332, 1.15113, -1.53366, -0.05420, 1.07282, -2.49912, -0.19834, 1.06292, -2.48881
-0.26467, 0.83896, -1.52227, 0.19559, 1.15461, -1.52225, -0.05881, 1.07425, -2.49912, -0.20399, 1.06472, -2.48597
-0.26851, 0.83793, -1.51782, 0.19641, 1.15620, -1.51219, -0.06301, 1.07565, -2.49891, -0.20982, 1.06641, -2.48332
-0.27199, 0.83760, -1.51471, 0.19527, 1.15658, -1.50309, -0.06679, 1.07698, -2.49848, -0.21540, 1.06801, -2.48068
-0.27493, 0.83839, -1.51315, 0.19027, 1.15613, -1.49433, -0.06973, 1.07808, -2.49806, -0.22047, 1.06953, -2.47812
-0.27723, 0.84033, -1.51322, 0.18246, 1.15524, -1.48599, -0.07221, 1.07907, -2.49754, -0.22498, 1.07097, -2.47545
-0.27892, 0.84348, -1.51498, 0.17368, 1.15440, -1.47811, -0.07504, 1.08010, -2.49669, -0.22908, 1.07237, -2.47284
-0.27956, 0.84818, -1.51882, 0.16520, 1.15446, -1.47072, -0.07955, 1.08141, -2.49541, -0.23296, 1.07380, -2.47017
-0.27907, 0.85457, -1.52501, 0.15775, 1.15583, -1.46381, -0.08609, 1.08308, -2.49332, -0.23648, 1.07524, -2.46736
-0.27807, 0.86234, -1.53243, 0.15125, 1.15767, -1.45744, -0.09313, 1.08495, -2.49081, -0.23952, 1.07666, -2.46451
-0.27713, 0.87161, -1.54047, 0.14612, 1.15960, -1.45171, -0.10000, 1.08696, -2.48787, -0.24174, 1.07811, -2.46163
-0.27671, 0.88257, -1.54846, 0.14344, 1.16137, -1.44692, -0.10562, 1.08918, -2.48437, -0.24262, 1.07953, -2.45862
-0.27659, 0.89482, -1.55632, 0.14189, 1.16297, -1.44275, -0.11009, 1.09136, -2.48061, -0.24269, 1.08099, -2.45567
-0.27648, 0.90798, -1.56396, 0.14082, 1.16432, -1.43900, -0.11281, 1.09332, -2.47680, -0.24220, 1.08248, -2.45276
-0.27625, 0.92183, -1.57116, 0.13946, 1.16531, -1.43544, -0.11245, 1.09475, -2.47326, -0.24140, 1.08403, -2.45028
-0.27584, 0.93624, -1.57774, 0.13773, 1.16602, -1.43196, -0.10980, 1.09572, -2.46980, -0.24017, 1.08567, -2.44805
-0.27506, 0.95130, -1.58334, 0.13578, 1.16658, -1.42845, -0.10639, 1.09654, -2.46648, -0.23851, 1.08739, -2.44601
-0.27353, 0.96704, -1.58783, 0.13359, 1.16718, -1.42445, -0.10332, 1.09745, -2.46314, -0.23617, 1.08915, -2.44416
-0.27120, 0.98342, -1.59075, 0.13113, 1.16788, -1.41986, -0.10120, 1.09856, -2.45985, -0.23320, 1.09100, -2.44254
-0.26814, 1.00033, -1.59170, 0.12858, 1.16853, -1.41487, -0.09927, 1.09975, -2.45647, -0.22958, 1.09288, -2.44111
-0.26454, 1.01784, -1.58976, 0.12588, 1.16907, -1.40944, -0.09710, 1.10090, -2.45293, -0.22537, 1.09481, -2.43983
-0.26034, 1.03603, -1.58352, 0.12332, 1.16943, -1.40316, -0.09430, 1.10203, -2.44905, -0.22041, 1.09672, -2.43862
-0.25548, 1.05445, -1.57409, 0.12083, 1.16967, -1.39655, -0.09110, 1.10314, -2.44504, -0.21486, 1.09866, -2.43770
-0.25020, 1.07272, -1.56198, 0.11846, 1.16974, -1.38984, -0.08781, 1.10425, -2.44079, -0.20912, 1.10061, -2.43677
-0.24435, 1.09047, -1.54754, 0.11624, 1.16966, -1.38333, -0.08473, 1.10537, -2.43640, -0.20343, 1.10261, -2.43591
-0.23812, 1.10747, -1.53124, 0.11422, 1.16945, -1.37697, -0.08173, 1.10652, -2.43186, -0.19780, 1.10465, -2.43507
-0.23132, 1.12360, -1.51370, 0.11249, 1.16917, -1.37074, -0.07869, 1.10772, -2.42720, -0.19207, 1.10669, -2.43421
-0.22384, 1.13856, -1.49559, 0.11103, 1.16887, -1.36461, -0.07551, 1.10893, -2.42252, -0.18623, 1.10868, -2.43326
-0.21583, 1.15219, -1.47746, 0.10979, 1.16860, -1.35856, -0.07243, 1.11018, -2.41789, -0.18033, 1.11068, -2.43215
-0.20828, 1.16452, -1.45985, 0.10892, 1.16830, -1.35278, -0.06909, 1.11142, -2.41332, -0.17428, 1.11259, -2.43095
-0.20218, 1.17546, -1.44356, 0.10842, 1.16790, -1.34742, -0.06569, 1.11267, -2.40873, -0.16810, 1.11444, -2.42946
-0.19900, 1.18478, -1.42987, 0.10846, 1.16736, -1.34277, -0.06196, 1.11388, -2.40431, -0.16166, 1.11613, -2.42770
-0.19793, 1.19269, -1.41798, 0.10871, 1.16673, -1.33860, -0.05822, 1.11504, -2.39994, -0.15534, 1.11774, -2.42567
-0.19858, 1.19912, -1.40762, 0.10920, 1.16604, -1.33482, -0.05416, 1.11617, -2.39564, -0.14906, 1.11925, -2.42342
-0.20129, 1.20366, -1.39890, 0.10986, 1.16534, -1.33142, -0.04986, 1.11727, -2.39145, -0.14317, 1.12065, -2.42104
-0.20542, 1.20656, -1.39158, 0.11067, 1.16462, -1.32830, -0.04520, 1.11836, -2.38728, -0.13770, 1.12197, -2.41852
-0.20982, 1.20819, -1.38534, 0.11153, 1.16393, -1.32546, -0.04016, 1.11944, -2.38310, -0.13248, 1.12321, -2.41577
-0.21321, 1.20860, -1.37988, 0.11256, 1.16333, -1.32272, -0.03453, 1.12061, -2.37880, -0.12765, 1.12438, -2.41279
-0.21500, 1.20792, -1.37504, 0.11361, 1.16281, -1.32009, -0.02822, 1.12186, -2.37442, -0.12313, 1.12548, -2.40964
-0.21555, 1.20662, -1.37085, 0.11476, 1.16235, -1.31751, -0.02154, 1.12315, -2.37000, -0.11879, 1.12654, -2.40623
-0.21479, 1.20504, -1.36748, 0.11580, 1.16186, -1.31520, -0.01471, 1.12440, -2.36573, -0.11470, 1.12755, -2.40238
-0.21202, 1.20361, -1.36488, 0.11674, 1.16130, -1.31309, -0.00796, 1.12561, -2.36177, -0.11069, 1.12849, -2.39800
-0.20813, 1.20223, -1.36287, 0.11772, 1.16073, -1.31106, -0.00117, 1.12675, -2.35791, -0.10673, 1.12938, -2.39329
-0.20397, 1.20093, -1.36124, 0.11873, 1.16011, -1.30924, 0.00538, 1.12781, -2.35411, -0.10298, 1.13026, -2.38828
-0.20016, 1.19993, -1.35988, 0.11982, 1.15954, -1.30752, 0.01142, 1.12868, -2.35022, -0.09937, 1.13112, -2.38305
-0.19661, 1.19912, -1.35865, 0.12112, 1.15896, -1.30593, 0.01711, 1.12946, -2.34614, -0.09584, 1.13196, -2.37761
-0.19348, 1.19837, -1.35748, 0.12237, 1.15830, -1.30463, 0.02236, 1.13014, -2.34201, -0.09247, 1.13288, -2.37199
-0.19059, 1.19763, -1.35610, 0.12367, 1.15752, -1.30367, 0.02749, 1.13090, -2.33768, -0.08894, 1.13385, -2.36619
-0.18816, 1.19684, -1.35429, 0.12489, 1.15662, -1.30306, 0.03226, 1.13173, -2.33307, -0.08546, 1.13499, -2.36019
-0.18581, 1.19603, -1.35242, 0.12611, 1.15564, -1.30273, 0.03683, 1.13255, -2.32855, -0.08200, 1.13615, -2.35401
-0.18342, 1.19513, -1.35051, 0.12714, 1.15460, -1.30255, 0.04102, 1.13328, -2.32437, -0.07889, 1.13739, -2.34759
-0.18069, 1.19418, -1.34855, 0.12809, 1.15359, -1.30239, 0.04459, 1.13395, -2.32095, -0.07626, 1.13868, -2.34099
-0.17806, 1.19317, -1.34661, 0.12877, 1.15253, -1.30239, 0.04773, 1.13450, -2.31783, -0.07398, 1.14002, -2.33409
-0.17582, 1.19222, -1.34471, 0.12926, 1.15146, -1.30249, 0.05074, 1.13485, -2.31490, -0.07201, 1.14145, -2.32688
-0.17435, 1.19139, -1.34279, 0.12948, 1.15029, -1.30264, 0.05365, 1.13507, -2.31180, -0.07008, 1.14300, -2.31910
-0.17371, 1.19063, -1.34097, 0.12939, 1.14905, -1.30298, 0.05660, 1.13500, -2.30857, -0.06829, 1.14465, -2.31078
-0.17357, 1.18987, -1.33930, 0.12911, 1.14771, -1.30354, 0.05968, 1.13455, -2.30546, -0.06647, 1.14636, -2.30215
-0.17380, 1.18904, -1.33789, 0.12876, 1.14621, -1.30435, 0.06306, 1.13363, -2.30234, -0.06447, 1.14807, -2.29343
-0.17445, 1.18804, -1.33689, 0.12836, 1.14450, -1.30562, 0.06696, 1.13211, -2.29924, -0.06210, 1.14979, -2.28447
-0.17528, 1.18698, -1.33604, 0.12781, 1.14270, -1.30708, 0.07152, 1.12973, -2.29674, -0.05970, 1.15145, -2.27546
-0.17630, 1.18592, -1.33527, 0.12712, 1.14086, -1.30868, 0.07695, 1.12614, -2.29530, -0.05747, 1.15304, -2.26649
-0.17707, 1.18479, -1.33462, 0.12652, 1.13897, -1.31047, 0.08433, 1.12081, -2.29548, -0.05539, 1.15444, -2.25767
-0.17792, 1.18371, -1.33386, 0.12568, 1.13713, -1.31225, 0.09220, 1.11411, -2.29676, -0.05353, 1.15579, -2.24904
-0.17893, 1.18270, -1.33294, 0.12473, 1.13535, -1.31397, 0.09979, 1.10620, -2.29871, -0.05184, 1.15715, -2.24054
-0.18006, 1.18183, -1.33179, 0.12355, 1.13370, -1.31545, 0.10621, 1.09676, -2.30142, -0.05033, 1.15857, -2.23215
-0.18134, 1.18116, -1.33035, 0.12223, 1.13221, -1.31664, 0.11119, 1.08627, -2.30442, -0.04893, 1.16009, -2.22403
-0.18272, 1.18060, -1.32870, 0.12076, 1.13093, -1.31762, 0.11450, 1.07533, -2.30701, -0.04751, 1.16172, -2.21612
-0.18411, 1.18026, -1.32680, 0.11922, 1.12991, -1.31816, 0.11532, 1.06452, -2.30890, -0.04610, 1.16359, -2.20861
-0.18556, 1.18014, -1.32464, 0.11760, 1.12922, -1.31831, 0.11330, 1.05417, -2.30981, -0.04460, 1.16572, -2.20151
-0.18706, 1.18020, -1.32233, 0.11586, 1.12876, -1.31821, 0.11005, 1.04422, -2.30974, -0.04297, 1.16799, -2.19479
-0.18856, 1.18047, -1.31979, 0.11403, 1.12850, -1.31783, 0.10687, 1.03489, -2.30849, -0.04119, 1.17043, -2.18838
-0.19023, 1.18095, -1.31710, 0.11196, 1.12840, -1.31735, 0.10470, 1.02655, -2.30577, -0.03928, 1.17292, -2.18233
-0.19190, 1.18160, -1.31430, 0.10981, 1.12850, -1.31667, 0.10317, 1.01876, -2.30206, -0.03710, 1.17552, -2.17667
-0.19361, 1.18244, -1.31138, 0.10762, 1.12881, -1.31579, 0.10194, 1.01116, -2.29756, -0.03487, 1.17829, -2.17134
-0.19528, 1.18345, -1.30836, 0.10545, 1.12935, -1.31472, 0.10101, 1.00334, -2.29251, -0.03258, 1.18120, -2.16642
-0.19686, 1.18460, -1.30529, 0.10334, 1.13013, -1.31344, 0.10029, 0.99545, -2.28677, -0.03015, 1.18426, -2.16186
-0.19842, 1.18592, -1.30204, 0.10119, 1.13111, -1.31195, 0.09966, 0.98760, -2.28024, -0.02782, 1.18747, -2.15765
-0.19990, 1.18746, -1.29857, 0.09903, 1.13232, -1.31017, 0.09915, 0.97991, -2.27273, -0.02547, 1.19081, -2.15394
-0.20127, 1.18917, -1.29477, 0.09692, 1.13371, -1.30802, 0.09864, 0.97247, -2.26412, -0.02320, 1.19439, -2.15056
-0.20247, 1.19102, -1.29083, 0.09489, 1.13528, -1.30556, 0.09885, 0.96538, -2.25458, -0.02082, 1.19800, -2.14760
-0.20354, 1.19297, -1.28668, 0.09284, 1.13697, -1.30288, 0.10040, 0.95889, -2.24415, -0.01829, 1.20165, -2.14496
-0.20460, 1.19497, -1.28240, 0.09067, 1.13869, -1.29996, 0.10413, 0.95323, -2.23250, -0.01566, 1.20522, -2.14259
-0.20547, 1.19702, -1.27801, 0.08860, 1.14051, -1.29683, 0.10928, 0.94808, -2.22020, -0.01297, 1.20875, -2.14068
-0.20621, 1.19905, -1.27367, 0.08664, 1.14234, -1.29364, 0.11528, 0.94320, -2.20760, -0.01022, 1.21210, -2.13905
-0.20676, 1.20102, -1.26948, 0.08492, 1.14419, -1.29036, 0.12206, 0.93832, -2.19509, -0.00768, 1.21521, -2.13778
-0.20701, 1.20291, -1.26549, 0.08348, 1.14604, -1.28709, 0.12942, 0.93347, -2.18265, -0.00516, 1.21806, -2.13700
-0.20706, 1.20480, -1.26154, 0.08232, 1.14791, -1.28379, 0.13716, 0.92879, -2.17004, -0.00262, 1.22073, -2.13661
-0.20689, 1.20675, -1.25749, 0.08153, 1.14980, -1.28036, 0.14509, 0.92444, -2.15674, 0.00032, 1.22325, -2.13670
-0.20642, 1.20873, -1.25340, 0.08107, 1.15168, -1.27701, 0.15316, 0.92039, -2.14274, 0.00372, 1.22557, -2.13718
-0.20572, 1.21076, -1.24929, 0.08100, 1.15362, -1.27352, 0.16173, 0.91658, -2.12928, 0.00735, 1.22773, -2.13828
-0.20492, 1.21280, -1.24521, 0.08118, 1.15553, -1.27003, 0.17169, 0.91279, -2.11741, 0.01120, 1.22973, -2.13990
-0.20404, 1.21477, -1.24123, 0.08164, 1.15744, -1.26651, 0.18447, 0.90874, -2.10849, 0.01521, 1.23163, -2.14200
-0.20310, 1.21672, -1.23740, 0.08234, 1.15938, -1.26300, 0.19727, 0.90507, -2.10162, 0.01919, 1.23334, -2.14480
-0.20202, 1.21859, -1.23374, 0.08328, 1.16127, -1.25944, 0.20759, 0.90235, -2.09659, 0.02300, 1.23483, -2.14833
-0.20083, 1.22035, -1.23051, 0.08452, 1.16318, -1.25587, 0.21128, 0.90146, -2.09388, 0.02637, 1.23598, -2.15293
-0.19956, 1.22200, -1.22752, 0.08598, 1.16509, -1.25223, 0.20964, 0.90230, -2.09316, 0.02932, 1.23687, -2.15848
-0.19830, 1.22359, -1.22485, 0.08756, 1.16700, -1.24868, 0.20557, 0.90447, -2.09392, 0.03199, 1.23757, -2.16493
-0.19680, 1.22512, -1.22252, 0.08947, 1.16890, -1.24508, 0.20060, 0.90828, -2.09578, 0.03446, 1.23811, -2.17259
-0.19529, 1.22661, -1.22047, 0.09155, 1.17084, -1.24142, 0.19563, 0.91367, -2.09857, 0.03671, 1.23852, -2.18151
-0.19376, 1.22810, -1.21873, 0.09371, 1.17279, -1.23794, 0.19171, 0.91961, -2.10224, 0.03887, 1.23881, -2.19139
-0.19221, 1.22959, -1.21736, 0.09597, 1.17478, -1.23463, 0.19082, 0.92531, -2.10665, 0.04107, 1.23898, -2.20215
-0.19068, 1.23115, -1.21641, 0.09817, 1.17685, -1.23167, 0.19600, 0.92978, -2.11193, 0.04344, 1.23910, -2.21391
-0.18920, 1.23273, -1.21580, 0.10034, 1.17897, -1.22899, 0.20420, 0.93353, -2.11771, 0.04600, 1.23911, -2.22631
-0.18787, 1.23431, -1.21544, 0.10231, 1.18111, -1.22661, 0.21318, 0.93665, -2.12352, 0.04856, 1.23903, -2.23909
-0.18683, 1.23597, -1.21535, 0.10385, 1.18325, -1.22462, 0.22086, 0.93888, -2.12881, 0.05155, 1.23897, -2.25188
-0.18597, 1.23758, -1.21562, 0.10510, 1.18537, -1.22300, 0.22714, 0.94045, -2.13360, 0.05485, 1.23882, -2.26471
-0.18524, 1.23919, -1.21608, 0.10626, 1.18744, -1.22166, 0.23267, 0.94186, -2.13832, 0.05835, 1.23843, -2.27762
-0.18445, 1.24066, -1.21686, 0.10748, 1.18940, -1.22049, 0.23737, 0.94354, -2.14300, 0.06251, 1.23764, -2.29054
-0.18364, 1.24199, -1.21790, 0.10883, 1.19120, -1.21948, 0.24120, 0.94566, -2.14772, 0.06742, 1.23644, -2.30335
-0.18279, 1.24327, -1.21913, 0.11021, 1.19290, -1.21867, 0.24458, 0.94798, -2.15246, 0.07191, 1.23476, -2.31664
-0.18176, 1.24455, -1.22034, 0.11177, 1.19461, -1.21779, 0.24794, 0.95048, -2.15732, 0.07587, 1.23267, -2.33081
-0.18043, 1.24590, -1.22149, 0.11356, 1.19628, -1.21683, 0.25153, 0.95314, -2.16219, 0.07876, 1.23033, -2.34637
-0.17895, 1.24731, -1.22258, 0.11553, 1.19799, -1.21580, 0.25533, 0.95588, -2.16717, 0.07907, 1.22690, -2.36364
-0.17738, 1.24873, -1.22370, 0.11747, 1.19970, -1.21481, 0.25896, 0.95856, -2.17222, 0.07466, 1.22157, -2.38280
-0.17590, 1.25016, -1.22494, 0.11936, 1.20144, -1.21387, 0.26228, 0.96101, -2.17727, 0.06062, 1.21281, -2.40534
-0.17444, 1.25164, -1.22614, 0.12121, 1.20323, -1.21296, 0.26541, 0.96327, -2.18248, 0.03971, 1.20124, -2.42843
-0.17279, 1.25315, -1.22735, 0.12316, 1.20510, -1.21215, 0.26868, 0.96543, -2.18796, 0.01724, 1.18809, -2.44804
-0.17087, 1.25473, -1.22853, 0.12533, 1.20709, -1.21148, 0.27247, 0.96753, -2.19391, -0.00250, 1.17379, -2.46006
-0.16838, 1.25637, -1.22968, 0.12791, 1.20923, -1.21085, 0.27717, 0.96957, -2.20036, -0.01664, 1.15866, -2.46320
-0.16557, 1.25810, -1.23075, 0.13079, 1.21150, -1.21026, 0.28234, 0.97165, -2.20724, -0.02736, 1.14323, -2.46201
-0.16250, 1.26001, -1.23160, 0.13383, 1.21393, -1.20953, 0.28796, 0.97383, -2.21439, -0.03518, 1.12799, -2.45899
-0.15910, 1.26217, -1.23217, 0.13715, 1.21656, -1.20868, 0.29412, 0.97622, -2.22176, -0.03976, 1.11359, -2.45659
-0.15550, 1.26449, -1.23249, 0.14064, 1.21935, -1.20758, 0.30043, 0.97874, -2.22941, -0.04224, 1.09981, -2.45441
-0.15178, 1.26692, -1.23264, 0.14424, 1.22229, -1.20621, 0.30664, 0.98143, -2.23727, -0.04286, 1.08658, -2.45242
-0.14810, 1.26943, -1.23256, 0.14779, 1.22541, -1.20453, 0.31212, 0.98426, -2.24537, -0.04114, 1.07405, -2.45145
-0.14454, 1.27206, -1.23226, 0.15127, 1.22866, -1.20254, 0.31687, 0.98721, -2.25379, -0.03879, 1.06224, -2.45136
-0.14100, 1.27478, -1.23169, 0.15459, 1.23204, -1.20025, 0.32113, 0.99025, -2.26246, -0.03879, 1.05112, -2.45136
-0.13768, 1.27770, -1.23067, 0.15766, 1.23566, -1.19750, 0.32477, 0.99340, -2.27154, -0.04534, 1.04074, -2.45181
-0.13464, 1.28078, -1.22912, 0.16030, 1.23939, -1.19438, 0.32776, 0.99657, -2.28095, -0.06027, 1.03121, -2.45229
-0.13181, 1.28400, -1.22733, 0.16267, 1.24326, -1.19095, 0.33030, 0.99978, -2.29066, -0.07907, 1.02259, -2.45163
-0.12937, 1.28732, -1.22523, 0.16454, 1.24718, -1.18727, 0.33204, 1.00288, -2.30059, -0.09972, 1.01529, -2.44864
-0.12734, 1.29071, -1.22295, 0.16593, 1.25114, -1.18335, 0.33323, 1.00589, -2.31066, -0.12039, 1.00985, -2.44193
-0.12561, 1.29418, -1.22052, 0.16698, 1.25513, -1.17921, 0.33378, 1.00879, -2.32081, -0.14083, 1.00560, -2.43285
-0.12422, 1.29770, -1.21792, 0.16777, 1.25913, -1.17499, 0.33378, 1.01161, -2.33113, -0.16041, 1.00213, -2.42190
-0.12315, 1.30126, -1.21516, 0.16837, 1.26312, -1.17054, 0.33317, 1.01440, -2.34148, -0.17815, 0.99925, -2.40855
-0.12231, 1.30485, -1.21227, 0.16879, 1.26711, -1.16596, 0.33191, 1.01713, -2.35189, -0.19427, 0.99667, -2.39407
-0.12180, 1.30844, -1.20935, 0.16901, 1.27109, -1.16138, 0.32987, 1.01972, -2.36242, -0.20991, 0.99409, -2.38051
-0.12168, 1.31197, -1.20643, 0.16881, 1.27500, -1.15686, 0.32664, 1.02212, -2.37291, -0.22731, 0.99084, -2.36980
-0.12195, 1.31546, -1.20362, 0.16814, 1.27881, -1.15251, 0.32222, 1.02429, -2.38342, -0.24690, 0.98667, -2.36315
-0.12242, 1.31892, -1.20098, 0.16727, 1.28261, -1.14837, 0.31690, 1.02625, -2.39404, -0.26404, 0.98259, -2.35972
-0.12313, 1.32238, -1.19849, 0.16609, 1.28637, -1.14457, 0.31080, 1.02791, -2.40497, -0.27466, 0.97936, -2.36035
-0.12403, 1.32593, -1.19633, 0.16458, 1.29011, -1.14135, 0.30378, 1.02922, -2.41630, -0.27241, 0.97770, -2.36705
-0.12503, 1.32949, -1.19447, 0.16291, 1.29381, -1.13859, 0.29628, 1.03022, -2.42798, -0.26264, 0.97710, -2.37733
-0.12593, 1.33297, -1.19308, 0.16130, 1.29742, -1.13639, 0.28867, 1.03093, -2.43986, -0.24814, 0.97722, -2.38958
-0.12659, 1.33626, -1.19242, 0.15997, 1.30086, -1.13497, 0.28147, 1.03133, -2.45200, -0.23003, 0.97817, -2.40252
-0.12695, 1.33938, -1.19238, 0.15892, 1.30416, -1.13418, 0.27461, 1.03145, -2.46424, -0.21048, 0.97967, -2.41566
-0.12731, 1.34245, -1.19266, 0.15783, 1.30734, -1.13382, 0.26745, 1.03135, -2.47650, -0.19228, 0.98137, -2.42885
-0.12759, 1.34550, -1.19307, 0.15663, 1.31046, -1.13372, 0.25971, 1.03109, -2.48858, -0.18004, 0.98306, -2.44184
-0.12794, 1.34858, -1.19349, 0.15529, 1.31354, -1.13370, 0.25116, 1.03069, -2.50038, -0.17641, 0.98461, -2.45440
-0.12818, 1.35174, -1.19387, 0.15389, 1.31663, -1.13365, 0.24214, 1.03026, -2.51207, -0.17632, 0.98595, -2.46680
-0.12861, 1.35502, -1.19394, 0.15218, 1.31980, -1.13346, 0.23250, 1.02980, -2.52366, -0.17775, 0.98702, -2.47890
-0.12916, 1.35860, -1.19343, 0.15018, 1.32319, -1.13268, 0.22239, 1.02947, -2.53520, -0.17866, 0.98751, -2.49035
-0.12965, 1.36225, -1.19268, 0.14806, 1.32664, -1.13176, 0.21184, 1.02914, -2.54665, -0.17881, 0.98767, -2.50127
-0.13030, 1.36586, -1.19199, 0.14578, 1.33003, -1.13099, 0.20115, 1.02869, -2.55788, -0.17738, 0.98769, -2.51170
-0.13088, 1.36923, -1.19177, 0.14355, 1.33322, -1.13069, 0.19060, 1.02805, -2.56885, -0.17235, 0.98767, -2.52141
-0.13152, 1.37240, -1.19188, 0.14124, 1.33618, -1.13092, 0.18000, 1.02722, -2.57946, -0.16464, 0.98760, -2.53053
-0.13209, 1.37543, -1.19226, 0.13898, 1.33903, -1.13140, 0.16958, 1.02626, -2.58979, -0.15602, 0.98747, -2.53936
-0.13269, 1.37841, -1.19269, 0.13673, 1.34175, -1.13207, 0.15917, 1.02520, -2.59983, -0.14789, 0.98725, -2.54827
-0.13322, 1.38133, -1.19317, 0.13456, 1.34438, -1.13284, 0.14899, 1.02402, -2.60957, -0.14109, 0.98696, -2.55735
-0.13361, 1.38419, -1.19374, 0.13240, 1.34693, -1.13373, 0.13892, 1.02281, -2.61903, -0.13455, 0.98661, -2.56635
-0.13406, 1.38705, -1.19415, 0.13018, 1.34938, -1.13470, 0.12881, 1.02157, -2.62821, -0.12806, 0.98631, -2.57505
-0.13449, 1.38991, -1.19444, 0.12791, 1.35176, -1.13582, 0.11872, 1.02035, -2.63708, -0.12124, 0.98610, -2.58327
-0.13496, 1.39275, -1.19465, 0.12545, 1.35404, -1.13699, 0.10843, 1.01914, -2.64572, -0.11438, 0.98593, -2.59120
-0.13541, 1.39551, -1.19500, 0.12296, 1.35630, -1.13818, 0.09811, 1.01793, -2.65411, -0.10790, 0.98568, -2.59886
-0.13602, 1.39815, -1.19548, 0.12014, 1.35851, -1.13939, 0.08743, 1.01675, -2.66224, -0.10220, 0.98533, -2.60633
-0.13669, 1.40070, -1.19612, 0.11728, 1.36069, -1.14054, 0.07659, 1.01560, -2.67021, -0.09723, 0.98484, -2.61359
-0.13740, 1.40312, -1.19698, 0.11433, 1.36278, -1.14174, 0.06604, 1.01439, -2.67778, -0.09296, 0.98425, -2.62071
-0.13787, 1.40544, -1.19796, 0.11173, 1.36487, -1.14286, 0.05657, 1.01312, -2.68512, -0.08932, 0.98354, -2.62768
-0.13818, 1.40761, -1.19919, 0.10932, 1.36684, -1.14410, 0.04808, 1.01177, -2.69216, -0.08650, 0.98270, -2.63457
-0.13840, 1.40964, -1.20067, 0.10713, 1.36870, -1.14552, 0.04055, 1.01036, -2.69878, -0.08387, 0.98179, -2.64120
-0.13855, 1.41150, -1.20244, 0.10513, 1.37033, -1.14732, 0.03392, 1.00892, -2.70487, -0.08132, 0.98091, -2.64750
-0.13882, 1.41312, -1.20456, 0.10323, 1.37161, -1.14996, 0.02819, 1.00744, -2.71036, -0.07835, 0.98011, -2.65337
-0.13919, 1.41461, -1.20688, 0.10136, 1.37264, -1.15291, 0.02310, 1.00596, -2.71530, -0.07547, 0.97933, -2.65886
-0.13967, 1.41590, -1.20936, 0.09954, 1.37348, -1.15597, 0.01839, 1.00455, -2.71977, -0.07309, 0.97857, -2.66386
-0.14057, 1.41704, -1.21186, 0.09756, 1.37416, -1.15892, 0.01375, 1.00324, -2.72371, -0.07183, 0.97779, -2.66833
-0.14157, 1.41797, -1.21446, 0.09559, 1.37471, -1.16166, 0.00921, 1.00206, -2.72715, -0.07146, 0.97701, -2.67227
-0.14280, 1.41883, -1.21676, 0.09350, 1.37518, -1.16416, 0.00496, 1.00095, -2.73011, -0.07176, 0.97626, -2.67581
-0.14381, 1.41952, -1.21897, 0.09149, 1.37557, -1.16630, 0.00131, 0.99999, -2.73262, -0.07246, 0.97554, -2.67885
-0.14466, 1.42010, -1.22075, 0.08944, 1.37592, -1.16802, -0.00179, 0.99916, -2.73463, -0.07353, 0.97488, -2.68145
-0.14533, 1.42055, -1.22237, 0.08756, 1.37619, -1.16944, -0.00419, 0.99843, -2.73620, -0.07471, 0.97426, -2.68359
-0.14592, 1.42086, -1.22368, 0.08593, 1.37634, -1.17074, -0.00588, 0.99781, -2.73729, -0.07597, 0.97375, -2.68536
-0.14620, 1.42100, -1.22475, 0.08492, 1.37637, -1.17181, -0.00629, 0.99733, -2.73786, -0.07687, 0.97335, -2.68661
-0.14625, 1.42100, -1.22566, 0.08435, 1.37628, -1.17271, -0.00582, 0.99698, -2.73804, -0.07767, 0.97304, -2.68744
-0.14634, 1.42087, -1.22633, 0.08399, 1.37606, -1.17353, -0.00475, 0.99669, -2.73783, -0.07849, 0.97284, -2.68788
-0.14637, 1.42056, -1.22690, 0.08408, 1.37571, -1.17417, -0.00290, 0.99647, -2.73736, -0.07948, 0.97269, -2.68781
-0.14646, 1.42014, -1.22735, 0.08433, 1.37526, -1.17467, -0.00062, 0.99630, -2.73659, -0.08054, 0.97263, -2.68739
-0.14660, 1.41964, -1.22759, 0.08467, 1.37473, -1.17503, 0.00207, 0.99621, -2.73559, -0.08169, 0.97263, -2.68666
-0.14674, 1.41906, -1.22779, 0.08507, 1.37419, -1.17524, 0.00462, 0.99619, -2.73446, -0.08272, 0.97264, -2.68562
-0.14693, 1.41847, -1.22773, 0.08542, 1.37366, -1.17521, 0.00694, 0.99629, -2.73323, -0.08377, 0.97266, -2.68431
-0.14711, 1.41781, -1.22773, 0.08582, 1.37308, -1.17512, 0.00929, 0.99645, -2.73187, -0.08469, 0.97270, -2.68285
-0.14731, 1.41713, -1.22758, 0.08628, 1.37252, -1.17483, 0.01170, 0.99670, -2.73045, -0.08562, 0.97272, -2.68110
-0.14735, 1.41639, -1.22751, 0.08691, 1.37192, -1.17442, 0.01410, 0.99705, -2.72905, -0.08633, 0.97271, -2.67916
-0.14742, 1.41563, -1.22751, 0.08764, 1.37132, -1.17394, 0.01662, 0.99745, -2.72759, -0.08699, 0.97267, -2.67707
-0.14727, 1.41478, -1.22754, 0.08841, 1.37069, -1.17346, 0.01934, 0.99784, -2.72608, -0.08766, 0.97261, -2.67482
-0.14698, 1.41392, -1.22765, 0.08926, 1.37008, -1.17304, 0.02238, 0.99816, -2.72454, -0.08853, 0.97253, -2.67261
-0.14652, 1.41302, -1.22791, 0.09016, 1.36947, -1.17270, 0.02566, 0.99839, -2.72298, -0.08941, 0.97239, -2.67028
-0.14591, 1.41208, -1.22831, 0.09110, 1.36885, -1.17256, 0.02903, 0.99858, -2.72141, -0.09035, 0.97226, -2.66803
-0.14530, 1.41120, -1.22872, 0.09204, 1.36818, -1.17266, 0.03255, 0.99871, -2.71978, -0.09137, 0.97210, -2.66589
-0.14469, 1.41034, -1.22933, 0.09294, 1.36748, -1.17321, 0.03597, 0.99877, -2.71815, -0.09227, 0.97192, -2.66398
-0.14401, 1.40948, -1.23004, 0.09393, 1.36673, -1.17397, 0.03931, 0.99882, -2.71658, -0.09313, 0.97174, -2.66208
-0.14340, 1.40866, -1.23080, 0.09477, 1.36602, -1.17484, 0.04230, 0.99885, -2.71507, -0.09379, 0.97160, -2.66021
-0.14281, 1.40784, -1.23171, 0.09557, 1.36533, -1.17571, 0.04475, 0.99894, -2.71378, -0.09403, 0.97150, -2.65816
-0.14235, 1.40706, -1.23264, 0.09623, 1.36465, -1.17665, 0.04684, 0.99902, -2.71254, -0.09415, 0.97144, -2.65616
-0.14184, 1.40625, -1.23362, 0.09689, 1.36402, -1.17754, 0.04858, 0.99912, -2.71141, -0.09411, 0.97136, -2.65412
-0.14138, 1.40553, -1.23465, 0.09748, 1.36345, -1.17828, 0.04982, 0.99919, -2.71035, -0.09407, 0.97125, -2.65217
-0.14091, 1.40485, -1.23563, 0.09802, 1.36294, -1.17889, 0.05081, 0.99922, -2.70935, -0.09405, 0.97110, -2.65033
-0.14047, 1.40416, -1.23671, 0.09860, 1.36246, -1.17957, 0.05163, 0.99924, -2.70842, -0.09405, 0.97092, -2.64865
-0.13993, 1.40348, -1.23780, 0.09921, 1.36194, -1.18033, 0.05278, 0.99919, -2.70738, -0.09421, 0.97071, -2.64718
-0.13927, 1.40279, -1.23897, 0.09991, 1.36140, -1.18125, 0.05430, 0.99909, -2.70623, -0.09441, 0.97046, -2.64599
-0.13857, 1.40208, -1.24017, 0.10062, 1.36084, -1.18229, 0.05595, 0.99897, -2.70512, -0.09477, 0.97019, -2.64488
-0.13774, 1.40140, -1.24140, 0.10153, 1.36036, -1.18335, 0.05769, 0.99882, -2.70414, -0.09508, 0.96991, -2.64380
-0.13698, 1.40070, -1.24264, 0.10229, 1.35987, -1.18453, 0.05954, 0.99863, -2.70335, -0.09533, 0.96966, -2.64266
-0.13621, 1.40000, -1.24382, 0.10302, 1.35943, -1.18573, 0.06128, 0.99841, -2.70265, -0.09556, 0.96944, -2.64157
-0.13546, 1.39939, -1.24499, 0.10373, 1.35905, -1.18685, 0.06264, 0.99823, -2.70211, -0.09576, 0.96920, -2.64054
-0.13503, 1.39890, -1.24600, 0.10411, 1.35870, -1.18782, 0.06303, 0.99808, -2.70171, -0.09583, 0.96896, -2.63971
-0.13464, 1.39848, -1.24699, 0.10442, 1.35841, -1.18869, 0.06279, 0.99798, -2.70143, -0.09582, 0.96871, -2.63907
-0.13449, 1.39813, -1.24784, 0.10446, 1.35813, -1.18948, 0.06201, 0.99788, -2.70119, -0.09595, 0.96845, -2.63854
-0.13442, 1.39782, -1.24869, 0.10437, 1.35785, -1.19025, 0.06080, 0.99780, -2.70099, -0.09641, 0.96819, -2.63816
-0.13460, 1.39751, -1.24939, 0.10414, 1.35755, -1.19095, 0.05915, 0.99771, -2.70078, -0.09726, 0.96791, -2.63783
-0.13479, 1.39719, -1.25010, 0.10395, 1.35724, -1.19164, 0.05749, 0.99761, -2.70059, -0.09812, 0.96767, -2.63763
-0.13489, 1.39690, -1.25073, 0.10373, 1.35695, -1.19225, 0.05613, 0.99747, -2.70049, -0.09888, 0.96744, -2.63746
-0.13481, 1.39659, -1.25136, 0.10398, 1.35671, -1.19284, 0.05555, 0.99730, -2.70052, -0.09907, 0.96727, -2.63733
-0.13466, 1.39631, -1.25199, 0.10423, 1.35647, -1.19352, 0.05532, 0.99709, -2.70060, -0.09898, 0.96711, -2.63729
-0.13435, 1.39605, -1.25256, 0.10461, 1.35625, -1.19413, 0.05545, 0.99687, -2.70076, -0.09868, 0.96700, -2.63731
-0.13404, 1.39585, -1.25305, 0.10502, 1.35611, -1.19471, 0.05575, 0.99667, -2.70101, -0.09802, 0.96690, -2.63745
-0.13387, 1.39575, -1.25343, 0.10531, 1.35599, -1.19527, 0.05609, 0.99646, -2.70125, -0.09714, 0.96684, -2.63774
-0.13367, 1.39570, -1.25374, 0.10557, 1.35595, -1.19579, 0.05625, 0.99625, -2.70163, -0.09613, 0.96677, -2.63809
