base_lf1, lf1_lf2, lf2_lf3, base_rf1, rf1_rf2, rf2_rf3, base_rb1, rb1_rb2, rb2_rb3, base_lb1, lb1_lb2, lb2_lb3
-0.32556, 0.56202, -2.12874, 0.14930, 0.52292, -2.05877, 0.17466, 0.96540, -2.61294, -0.17374, 0.84264, -2.52740
-0.32518, 0.56216, -2.12877, 0.14940, 0.52309, -2.05881, 0.17490, 0.96543, -2.61281, -0.17367, 0.84254, -2.52737
-0.32466, 0.56235, -2.12880, 0.14961, 0.52326, -2.05888, 0.17527, 0.96543, -2.61262, -0.17351, 0.84245, -2.52732
-0.32426, 0.56254, -2.12881, 0.14982, 0.52342, -2.05892, 0.17576, 0.96543, -2.61242, -0.17345, 0.84234, -2.52723
-0.32401, 0.56271, -2.12882, 0.14998, 0.52356, -2.05899, 0.17604, 0.96542, -2.61230, -0.17346, 0.84225, -2.52712
-0.32393, 0.56287, -2.12878, 0.15014, 0.52368, -2.05900, 0.17625, 0.96542, -2.61226, -0.17357, 0.84219, -2.52700
-0.32402, 0.56302, -2.12879, 0.15016, 0.52376, -2.05899, 0.17637, 0.96540, -2.61221, -0.17376, 0.84216, -2.52690
-0.32432, 0.56312, -2.12879, 0.15002, 0.52381, -2.05901, 0.17621, 0.96537, -2.61221, -0.17392, 0.84215, -2.52679
-0.32479, 0.56319, -2.12881, 0.14971, 0.52383, -2.05901, 0.17592, 0.96534, -2.61223, -0.17405, 0.84218, -2.52670
-0.32523, 0.56322, -2.12888, 0.14932, 0.52380, -2.05902, 0.17557, 0.96532, -2.61228, -0.17414, 0.84224, -2.52664
-0.32561, 0.56329, -2.12895, 0.14895, 0.52384, -2.05903, 0.17524, 0.96531, -2.61230, -0.17418, 0.84230, -2.52661
-0.32566, 0.56332, -2.12907, 0.14861, 0.52391, -2.05908, 0.17511, 0.96531, -2.61227, -0.17406, 0.84231, -2.52654
-0.32547, 0.56334, -2.12921, 0.14833, 0.52401, -2.05921, 0.17508, 0.96532, -2.61222, -0.17387, 0.84231, -2.52650
-0.32514, 0.56340, -2.12935, 0.14822, 0.52411, -2.05931, 0.17530, 0.96534, -2.61212, -0.17356, 0.84229, -2.52643
-0.32476, 0.56348, -2.12942, 0.14830, 0.52418, -2.05942, 0.17554, 0.96536, -2.61207, -0.17329, 0.84226, -2.52640
-0.32440, 0.56357, -2.12959, 0.14846, 0.52424, -2.05961, 0.17603, 0.96535, -2.61195, -0.17292, 0.84219, -2.52635
-0.32415, 0.56369, -2.12966, 0.14868, 0.52427, -2.05974, 0.17649, 0.96536, -2.61183, -0.17257, 0.84213, -2.52628
-0.32384, 0.56380, -2.12985, 0.14884, 0.52427, -2.05999, 0.17692, 0.96535, -2.61165, -0.17208, 0.84207, -2.52615
-0.32369, 0.56394, -2.13007, 0.14889, 0.52427, -2.06025, 0.17725, 0.96534, -2.61145, -0.17141, 0.84204, -2.52603
-0.32357, 0.56402, -2.13027, 0.14886, 0.52420, -2.06048, 0.17760, 0.96532, -2.61116, -0.17061, 0.84200, -2.52574
-0.32360, 0.56401, -2.13046, 0.14875, 0.52408, -2.06066, 0.17801, 0.96526, -2.61075, -0.16980, 0.84196, -2.52538
-0.32382, 0.56381, -2.13062, 0.14862, 0.52387, -2.06067, 0.17837, 0.96515, -2.61020, -0.16886, 0.84192, -2.52483
-0.32411, 0.56352, -2.13073, 0.14834, 0.52360, -2.06057, 0.17884, 0.96502, -2.60949, -0.16783, 0.84186, -2.52412
-0.32451, 0.56318, -2.13077, 0.14797, 0.52331, -2.06037, 0.17949, 0.96483, -2.60859, -0.16654, 0.84176, -2.52338
-0.32486, 0.56279, -2.13070, 0.14759, 0.52299, -2.06003, 0.18025, 0.96461, -2.60745, -0.16469, 0.84162, -2.52264
-0.32514, 0.56238, -2.13060, 0.14710, 0.52261, -2.05961, 0.18138, 0.96432, -2.60599, -0.16256, 0.84139, -2.52187
-0.32521, 0.56198, -2.13039, 0.14674, 0.52224, -2.05908, 0.18285, 0.96399, -2.60433, -0.16063, 0.84111, -2.52100
-0.32499, 0.56156, -2.13011, 0.14631, 0.52184, -2.05849, 0.18485, 0.96360, -2.60228, -0.15944, 0.84078, -2.51988
-0.32434, 0.56115, -2.12970, 0.14593, 0.52144, -2.05781, 0.18747, 0.96313, -2.59987, -0.15940, 0.84038, -2.51853
-0.32341, 0.56070, -2.12920, 0.14579, 0.52099, -2.05704, 0.19061, 0.96261, -2.59711, -0.16013, 0.83994, -2.51693
-0.32232, 0.56025, -2.12865, 0.14574, 0.52051, -2.05623, 0.19421, 0.96204, -2.59402, -0.16186, 0.83943, -2.51504
-0.32138, 0.55972, -2.12802, 0.14589, 0.51994, -2.05533, 0.19824, 0.96140, -2.59046, -0.16511, 0.83886, -2.51274
-0.32031, 0.55919, -2.12731, 0.14638, 0.51935, -2.05436, 0.20272, 0.96075, -2.58658, -0.16889, 0.83825, -2.51018
-0.31936, 0.55875, -2.12654, 0.14721, 0.51885, -2.05345, 0.20747, 0.96013, -2.58248, -0.17239, 0.83767, -2.50746
-0.31856, 0.55847, -2.12568, 0.14861, 0.51850, -2.05253, 0.21247, 0.95964, -2.57828, -0.17472, 0.83719, -2.50467
-0.31798, 0.55839, -2.12480, 0.15050, 0.51831, -2.05164, 0.21771, 0.95925, -2.57395, -0.17606, 0.83678, -2.50182
-0.31768, 0.55850, -2.12385, 0.15267, 0.51833, -2.05078, 0.22327, 0.95893, -2.56946, -0.17727, 0.83644, -2.49890
-0.31781, 0.55884, -2.12286, 0.15511, 0.51854, -2.04993, 0.22912, 0.95867, -2.56479, -0.17909, 0.83616, -2.49588
-0.31852, 0.55945, -2.12179, 0.15760, 0.51901, -2.04908, 0.23529, 0.95848, -2.55992, -0.18186, 0.83595, -2.49280
-0.31970, 0.56033, -2.12074, 0.16000, 0.51967, -2.04821, 0.24160, 0.95838, -2.55490, -0.18495, 0.83581, -2.48963
-0.32119, 0.56145, -2.11980, 0.16236, 0.52052, -2.04739, 0.24832, 0.95831, -2.54962, -0.18798, 0.83574, -2.48647
-0.32330, 0.56295, -2.11918, 0.16416, 0.52158, -2.04662, 0.25517, 0.95830, -2.54413, -0.19089, 0.83576, -2.48337
-0.32551, 0.56473, -2.11876, 0.16582, 0.52281, -2.04586, 0.26226, 0.95835, -2.53843, -0.19334, 0.83586, -2.48023
-0.32769, 0.56676, -2.11846, 0.16723, 0.52417, -2.04509, 0.26927, 0.95843, -2.53275, -0.19548, 0.83605, -2.47703
-0.32928, 0.56901, -2.11833, 0.16866, 0.52563, -2.04431, 0.27633, 0.95854, -2.52713, -0.19665, 0.83634, -2.47373
-0.33032, 0.57147, -2.11840, 0.16996, 0.52720, -2.04354, 0.28338, 0.95867, -2.52157, -0.19705, 0.83670, -2.47033
-0.33118, 0.57406, -2.11853, 0.17100, 0.52888, -2.04277, 0.29031, 0.95882, -2.51606, -0.19747, 0.83714, -2.46684
-0.33166, 0.57671, -2.11865, 0.17186, 0.53068, -2.04197, 0.29760, 0.95900, -2.51047, -0.19844, 0.83762, -2.46328
-0.33182, 0.57937, -2.11880, 0.17239, 0.53266, -2.04128, 0.30512, 0.95920, -2.50481, -0.20017, 0.83814, -2.45970
-0.33166, 0.58206, -2.11877, 0.17266, 0.53474, -2.04043, 0.31210, 0.95945, -2.49924, -0.20228, 0.83872, -2.45607
-0.33126, 0.58473, -2.11859, 0.17254, 0.53691, -2.03947, 0.31769, 0.95983, -2.49382, -0.20461, 0.83936, -2.45234
-0.33053, 0.58735, -2.11810, 0.17201, 0.53920, -2.03824, 0.32087, 0.96041, -2.48877, -0.20691, 0.84011, -2.44857
-0.32964, 0.58997, -2.11731, 0.17121, 0.54158, -2.03679, 0.32270, 0.96112, -2.48387, -0.20926, 0.84092, -2.44468
-0.32861, 0.59263, -2.11623, 0.17013, 0.54397, -2.03507, 0.32391, 0.96199, -2.47903, -0.21163, 0.84182, -2.44072
-0.32762, 0.59528, -2.11479, 0.16872, 0.54636, -2.03314, 0.32504, 0.96297, -2.47405, -0.21378, 0.84280, -2.43665
-0.32675, 0.59800, -2.11294, 0.16707, 0.54875, -2.03090, 0.32627, 0.96406, -2.46892, -0.21594, 0.84387, -2.43243
-0.32614, 0.60071, -2.11086, 0.16513, 0.55116, -2.02846, 0.32799, 0.96523, -2.46361, -0.21796, 0.84504, -2.42814
-0.32612, 0.60342, -2.10847, 0.16281, 0.55356, -2.02569, 0.33035, 0.96645, -2.45810, -0.21983, 0.84637, -2.42379
-0.32665, 0.60609, -2.10578, 0.16017, 0.55601, -2.02267, 0.33379, 0.96768, -2.45231, -0.22155, 0.84781, -2.41934
-0.32765, 0.60881, -2.10284, 0.15731, 0.55849, -2.01934, 0.33736, 0.96896, -2.44638, -0.22314, 0.84939, -2.41483
-0.32898, 0.61160, -2.09953, 0.15426, 0.56102, -2.01560, 0.34050, 0.97039, -2.44045, -0.22482, 0.85110, -2.41031
-0.33070, 0.61451, -2.09579, 0.15120, 0.56361, -2.01138, 0.34235, 0.97194, -2.43465, -0.22661, 0.85291, -2.40572
-0.33259, 0.61755, -2.09177, 0.14802, 0.56627, -2.00682, 0.34357, 0.97364, -2.42881, -0.22836, 0.85483, -2.40105
-0.33459, 0.62075, -2.08740, 0.14468, 0.56905, -2.00188, 0.34452, 0.97548, -2.42287, -0.23002, 0.85689, -2.39629
-0.33653, 0.62416, -2.08280, 0.14127, 0.57196, -1.99669, 0.34542, 0.97745, -2.41653, -0.23128, 0.85911, -2.39142
-0.33838, 0.62774, -2.07792, 0.13774, 0.57497, -1.99121, 0.34626, 0.97954, -2.40997, -0.23217, 0.86149, -2.38644
-0.34013, 0.63139, -2.07280, 0.13420, 0.57804, -1.98552, 0.34694, 0.98173, -2.40331, -0.23289, 0.86399, -2.38133
-0.34174, 0.63506, -2.06739, 0.13069, 0.58115, -1.97959, 0.34723, 0.98401, -2.39682, -0.23348, 0.86663, -2.37612
-0.34304, 0.63870, -2.06174, 0.12740, 0.58428, -1.97347, 0.34718, 0.98637, -2.39047, -0.23382, 0.86937, -2.37079
-0.34411, 0.64230, -2.05579, 0.12426, 0.58738, -1.96712, 0.34710, 0.98881, -2.38410, -0.23394, 0.87220, -2.36526
-0.34487, 0.64588, -2.04959, 0.12121, 0.59053, -1.96046, 0.34717, 0.99135, -2.37758, -0.23359, 0.87513, -2.35956
-0.34528, 0.64945, -2.04302, 0.11829, 0.59364, -1.95343, 0.34763, 0.99401, -2.37082, -0.23271, 0.87818, -2.35362
-0.34536, 0.65295, -2.03621, 0.11553, 0.59673, -1.94615, 0.34837, 0.99677, -2.36366, -0.23147, 0.88127, -2.34741
-0.34532, 0.65648, -2.02914, 0.11268, 0.59980, -1.93864, 0.34924, 0.99971, -2.35620, -0.23026, 0.88440, -2.34102
-0.34526, 0.65998, -2.02186, 0.10965, 0.60282, -1.93095, 0.35034, 1.00282, -2.34814, -0.22944, 0.88751, -2.33448
-0.34524, 0.66347, -2.01441, 0.10643, 0.60577, -1.92313, 0.35152, 1.00611, -2.33968, -0.22903, 0.89064, -2.32778
-0.34492, 0.66698, -2.00678, 0.10340, 0.60877, -1.91523, 0.35289, 1.00958, -2.33100, -0.22856, 0.89378, -2.32092
-0.34425, 0.67052, -1.99907, 0.10069, 0.61179, -1.90729, 0.35466, 1.01318, -2.32243, -0.22787, 0.89690, -2.31394
-0.34327, 0.67413, -1.99133, 0.09831, 0.61492, -1.89944, 0.35669, 1.01689, -2.31424, -0.22698, 0.90004, -2.30688
-0.34188, 0.67774, -1.98350, 0.09625, 0.61808, -1.89154, 0.35897, 1.02069, -2.30604, -0.22585, 0.90324, -2.29973
-0.34022, 0.68130, -1.97562, 0.09460, 0.62128, -1.88363, 0.36165, 1.02456, -2.29774, -0.22439, 0.90657, -2.29245
-0.33812, 0.68477, -1.96768, 0.09337, 0.62451, -1.87569, 0.36463, 1.02844, -2.28934, -0.22251, 0.91007, -2.28511
-0.33569, 0.68819, -1.95964, 0.09252, 0.62774, -1.86772, 0.36770, 1.03239, -2.28072, -0.22046, 0.91372, -2.27763
-0.33320, 0.69152, -1.95151, 0.09186, 0.63093, -1.85969, 0.37050, 1.03639, -2.27185, -0.21853, 0.91750, -2.27004
-0.33063, 0.69481, -1.94309, 0.09147, 0.63404, -1.85156, 0.37261, 1.04050, -2.26256, -0.21705, 0.92142, -2.26233
-0.32807, 0.69805, -1.93450, 0.09126, 0.63708, -1.84338, 0.37400, 1.04471, -2.25282, -0.21589, 0.92547, -2.25448
-0.32550, 0.70118, -1.92590, 0.09109, 0.64006, -1.83526, 0.37487, 1.04897, -2.24277, -0.21487, 0.92960, -2.24637
-0.32277, 0.70422, -1.91744, 0.09098, 0.64300, -1.82715, 0.37548, 1.05341, -2.23214, -0.21351, 0.93381, -2.23799
-0.32005, 0.70715, -1.90921, 0.09073, 0.64590, -1.81918, 0.37566, 1.05795, -2.22109, -0.21196, 0.93810, -2.22924
-0.31733, 0.71004, -1.90108, 0.09041, 0.64878, -1.81132, 0.37554, 1.06258, -2.20958, -0.21014, 0.94240, -2.22018
-0.31448, 0.71303, -1.89314, 0.09011, 0.65173, -1.80361, 0.37535, 1.06730, -2.19768, -0.20807, 0.94668, -2.21108
-0.31156, 0.71622, -1.88522, 0.08966, 0.65475, -1.79607, 0.37495, 1.07210, -2.18543, -0.20567, 0.95090, -2.20189
-0.30866, 0.71953, -1.87742, 0.08916, 0.65785, -1.78866, 0.37453, 1.07693, -2.17291, -0.20320, 0.95512, -2.19266
-0.30582, 0.72286, -1.86971, 0.08867, 0.66097, -1.78127, 0.37422, 1.08176, -2.16013, -0.20083, 0.95936, -2.18336
-0.30310, 0.72616, -1.86222, 0.08823, 0.66407, -1.77391, 0.37432, 1.08655, -2.14720, -0.19860, 0.96364, -2.17407
-0.30055, 0.72940, -1.85487, 0.08789, 0.66714, -1.76657, 0.37480, 1.09127, -2.13413, -0.19662, 0.96798, -2.16468
-0.29805, 0.73256, -1.84768, 0.08763, 0.67020, -1.75921, 0.37549, 1.09592, -2.12091, -0.19455, 0.97238, -2.15518
-0.29559, 0.73551, -1.84057, 0.08757, 0.67318, -1.75185, 0.37650, 1.10045, -2.10757, -0.19231, 0.97686, -2.14545
-0.29308, 0.73826, -1.83366, 0.08770, 0.67607, -1.74447, 0.37771, 1.10482, -2.09417, -0.18980, 0.98141, -2.13544
-0.29060, 0.74089, -1.82683, 0.08797, 0.67898, -1.73713, 0.37899, 1.10912, -2.08060, -0.18707, 0.98597, -2.12531
-0.28816, 0.74356, -1.82008, 0.08820, 0.68189, -1.72985, 0.37994, 1.11334, -2.06677, -0.18411, 0.99046, -2.11501
-0.28561, 0.74637, -1.81335, 0.08848, 0.68494, -1.72260, 0.38034, 1.11751, -2.05256, -0.18074, 0.99482, -2.10465
-0.28310, 0.74924, -1.80668, 0.08865, 0.68802, -1.71539, 0.38050, 1.12162, -2.03815, -0.17724, 0.99913, -2.09420
-0.28078, 0.75212, -1.80023, 0.08865, 0.69115, -1.70818, 0.38054, 1.12567, -2.02363, -0.17366, 1.00344, -2.08370
-0.27884, 0.75502, -1.79410, 0.08828, 0.69431, -1.70095, 0.38058, 1.12967, -2.00913, -0.17025, 1.00777, -2.07325
-0.27715, 0.75790, -1.78830, 0.08766, 0.69749, -1.69370, 0.38080, 1.13360, -1.99459, -0.16686, 1.01212, -2.06286
-0.27554, 0.76075, -1.78271, 0.08690, 0.70067, -1.68642, 0.38095, 1.13746, -1.98006, -0.16357, 1.01647, -2.05235
-0.27383, 0.76364, -1.77716, 0.08628, 0.70384, -1.67910, 0.38119, 1.14123, -1.96560, -0.16024, 1.02087, -2.04182
-0.27200, 0.76652, -1.77159, 0.08583, 0.70700, -1.67169, 0.38144, 1.14495, -1.95119, -0.15682, 1.02528, -2.03127
-0.27008, 0.76930, -1.76630, 0.08538, 0.71012, -1.66436, 0.38161, 1.14861, -1.93685, -0.15347, 1.02962, -2.02062
-0.26801, 0.77188, -1.76136, 0.08495, 0.71323, -1.65717, 0.38173, 1.15221, -1.92244, -0.15029, 1.03384, -2.00995
-0.26569, 0.77421, -1.75705, 0.08449, 0.71626, -1.65027, 0.38180, 1.15578, -1.90806, -0.14734, 1.03782, -1.99930
-0.26327, 0.77626, -1.75327, 0.08392, 0.71927, -1.64349, 0.38175, 1.15934, -1.89367, -0.14464, 1.04167, -1.98866
-0.26071, 0.77796, -1.75011, 0.08321, 0.72229, -1.63690, 0.38158, 1.16276, -1.87943, -0.14207, 1.04546, -1.97800
-0.25795, 0.77916, -1.74767, 0.08234, 0.72539, -1.63023, 0.38147, 1.16606, -1.86536, -0.13959, 1.04928, -1.96736
-0.25513, 0.77991, -1.74595, 0.08122, 0.72857, -1.62367, 0.38115, 1.16922, -1.85160, -0.13726, 1.05309, -1.95668
-0.25206, 0.78040, -1.74497, 0.08009, 0.73173, -1.61708, 0.38094, 1.17226, -1.83786, -0.13488, 1.05683, -1.94600
-0.24871, 0.78081, -1.74473, 0.07896, 0.73494, -1.61053, 0.38073, 1.17510, -1.82423, -0.13240, 1.06045, -1.93528
-0.24496, 0.78115, -1.74543, 0.07802, 0.73808, -1.60406, 0.38059, 1.17776, -1.81060, -0.12970, 1.06386, -1.92455
-0.24121, 0.78134, -1.74687, 0.07696, 0.74117, -1.59776, 0.38043, 1.18025, -1.79716, -0.12698, 1.06715, -1.91377
-0.23759, 0.78132, -1.74905, 0.07586, 0.74414, -1.59166, 0.38023, 1.18257, -1.78389, -0.12421, 1.07026, -1.90298
-0.23451, 0.78102, -1.75238, 0.07453, 0.74692, -1.58612, 0.37996, 1.18467, -1.77091, -0.12140, 1.07309, -1.89209
-0.23168, 0.78045, -1.75629, 0.07309, 0.74958, -1.58085, 0.37955, 1.18662, -1.75824, -0.11868, 1.07578, -1.88112
-0.22885, 0.77953, -1.76067, 0.07154, 0.75213, -1.57585, 0.37926, 1.18833, -1.74596, -0.11605, 1.07837, -1.87025
-0.22589, 0.77816, -1.76523, 0.06987, 0.75467, -1.57108, 0.37905, 1.18987, -1.73421, -0.11379, 1.08097, -1.85939
-0.22281, 0.77637, -1.76985, 0.06807, 0.75715, -1.56654, 0.37894, 1.19117, -1.72292, -0.11181, 1.08355, -1.84857
-0.21946, 0.77439, -1.77451, 0.06624, 0.75955, -1.56223, 0.37898, 1.19228, -1.71203, -0.11009, 1.08606, -1.83781
-0.21565, 0.77231, -1.77888, 0.06440, 0.76195, -1.55817, 0.37909, 1.19328, -1.70137, -0.10858, 1.08855, -1.82703
-0.21125, 0.77021, -1.78294, 0.06259, 0.76429, -1.55440, 0.37936, 1.19410, -1.69086, -0.10731, 1.09094, -1.81630
-0.20665, 0.76808, -1.78678, 0.06065, 0.76659, -1.55085, 0.37960, 1.19478, -1.68073, -0.10626, 1.09327, -1.80557
-0.20183, 0.76598, -1.79041, 0.05878, 0.76894, -1.54753, 0.37976, 1.19539, -1.67108, -0.10530, 1.09555, -1.79491
-0.19695, 0.76401, -1.79370, 0.05695, 0.77144, -1.54432, 0.37973, 1.19609, -1.66188, -0.10445, 1.09784, -1.78426
-0.19200, 0.76207, -1.79685, 0.05522, 0.77398, -1.54127, 0.37970, 1.19674, -1.65337, -0.10357, 1.10006, -1.77374
-0.18713, 0.76014, -1.79984, 0.05339, 0.77656, -1.53836, 0.37972, 1.19735, -1.64584, -0.10272, 1.10226, -1.76334
-0.18219, 0.75826, -1.80287, 0.05157, 0.77921, -1.53555, 0.37993, 1.19791, -1.63977, -0.10183, 1.10445, -1.75320
-0.17750, 0.75636, -1.80583, 0.04971, 0.78189, -1.53282, 0.38023, 1.19844, -1.63500, -0.10092, 1.10664, -1.74331
-0.17318, 0.75434, -1.80856, 0.04772, 0.78461, -1.53020, 0.38044, 1.19889, -1.63126, -0.10006, 1.10886, -1.73355
-0.16961, 0.75203, -1.81097, 0.04559, 0.78737, -1.52771, 0.38045, 1.19922, -1.62824, -0.09937, 1.11106, -1.72387
-0.16699, 0.74934, -1.81302, 0.04321, 0.79017, -1.52531, 0.38014, 1.19938, -1.62588, -0.09881, 1.11323, -1.71425
-0.16499, 0.74653, -1.81447, 0.04074, 0.79305, -1.52293, 0.37965, 1.19943, -1.62432, -0.09840, 1.11547, -1.70476
-0.16341, 0.74365, -1.81527, 0.03824, 0.79600, -1.52059, 0.37914, 1.19934, -1.62351, -0.09800, 1.11776, -1.69540
-0.16221, 0.74080, -1.81502, 0.03582, 0.79910, -1.51813, 0.37870, 1.19928, -1.62322, -0.09767, 1.12026, -1.68627
-0.16147, 0.73797, -1.81386, 0.03337, 0.80230, -1.51558, 0.37826, 1.19894, -1.62426, -0.09733, 1.12286, -1.67724
-0.16117, 0.73521, -1.81183, 0.03097, 0.80559, -1.51303, 0.37781, 1.19811, -1.62729, -0.09703, 1.12553, -1.66826
-0.16153, 0.73256, -1.80864, 0.02853, 0.80902, -1.51041, 0.37741, 1.19647, -1.63375, -0.09683, 1.12824, -1.65932
-0.16249, 0.73004, -1.80452, 0.02609, 0.81250, -1.50772, 0.37697, 1.19395, -1.64317, -0.09660, 1.13101, -1.65040
-0.16389, 0.72760, -1.79961, 0.02361, 0.81606, -1.50501, 0.37601, 1.19062, -1.65494, -0.09643, 1.13388, -1.64163
-0.16571, 0.72523, -1.79414, 0.02112, 0.81967, -1.50227, 0.37401, 1.18631, -1.66883, -0.09641, 1.13687, -1.63318
-0.16789, 0.72294, -1.78825, 0.01860, 0.82331, -1.49955, 0.37075, 1.18087, -1.68480, -0.09645, 1.14004, -1.62513
-0.17018, 0.72084, -1.78167, 0.01604, 0.82700, -1.49676, 0.36618, 1.17469, -1.70184, -0.09657, 1.14341, -1.61736
-0.17213, 0.71896, -1.77436, 0.01350, 0.83076, -1.49391, 0.36001, 1.16790, -1.71932, -0.09666, 1.14691, -1.60994
-0.17350, 0.71746, -1.76610, 0.01079, 0.83455, -1.49102, 0.35114, 1.16066, -1.73655, -0.09685, 1.15062, -1.60277
-0.17464, 0.71617, -1.75707, 0.00802, 0.83841, -1.48818, 0.34095, 1.15294, -1.75350, -0.09702, 1.15442, -1.59585
-0.17571, 0.71502, -1.74739, 0.00523, 0.84223, -1.48549, 0.33019, 1.14480, -1.77005, -0.09715, 1.15821, -1.58900
-0.17711, 0.71396, -1.73693, 0.00231, 0.84600, -1.48305, 0.31965, 1.13647, -1.78604, -0.09720, 1.16192, -1.58198
-0.17883, 0.71293, -1.72578, -0.00075, 0.84973, -1.48090, 0.30954, 1.12781, -1.80130, -0.09721, 1.16552, -1.57484
-0.18073, 0.71209, -1.71410, -0.00374, 0.85347, -1.47891, 0.29996, 1.11858, -1.81554, -0.09716, 1.16906, -1.56769
-0.18310, 0.71144, -1.70194, -0.00678, 0.85720, -1.47711, 0.29157, 1.10858, -1.82833, -0.09695, 1.17254, -1.56049
-0.18580, 0.71105, -1.68930, -0.00965, 0.86097, -1.47550, 0.28472, 1.09764, -1.83938, -0.09647, 1.17595, -1.55334
-0.18879, 0.71102, -1.67619, -0.01254, 0.86481, -1.47394, 0.27840, 1.08587, -1.84906, -0.09601, 1.17933, -1.54618
-0.19211, 0.71145, -1.66243, -0.01547, 0.86879, -1.47235, 0.27197, 1.07304, -1.85754, -0.09572, 1.18274, -1.53895
-0.19611, 0.71257, -1.64742, -0.01855, 0.87299, -1.47063, 0.26489, 1.05877, -1.86469, -0.09585, 1.18615, -1.53161
-0.19999, 0.71411, -1.63260, -0.02172, 0.87733, -1.46883, 0.25734, 1.04368, -1.87045, -0.09620, 1.18959, -1.52423
-0.20309, 0.71594, -1.61939, -0.02492, 0.88175, -1.46708, 0.24937, 1.02824, -1.87472, -0.09694, 1.19308, -1.51667
-0.20427, 0.71800, -1.61011, -0.02797, 0.88624, -1.46554, 0.24096, 1.01290, -1.87767, -0.09793, 1.19670, -1.50901
-0.20391, 0.72036, -1.60438, -0.03103, 0.89080, -1.46412, 0.23209, 0.99775, -1.87925, -0.09924, 1.20040, -1.50117
-0.20239, 0.72309, -1.60083, -0.03390, 0.89544, -1.46265, 0.22290, 0.98283, -1.87946, -0.10074, 1.20425, -1.49301
-0.19959, 0.72637, -1.59955, -0.03660, 0.90022, -1.46118, 0.21342, 0.96836, -1.87818, -0.10221, 1.20827, -1.48442
-0.19542, 0.73027, -1.60014, -0.03890, 0.90516, -1.45943, 0.20380, 0.95447, -1.87538, -0.10355, 1.21254, -1.47532
-0.19144, 0.73451, -1.60119, -0.04109, 0.91021, -1.45749, 0.19414, 0.94088, -1.87149, -0.10492, 1.21690, -1.46583
-0.18884, 0.73910, -1.60137, -0.04309, 0.91536, -1.45493, 0.18465, 0.92753, -1.86671, -0.10609, 1.22139, -1.45595
-0.18966, 0.74389, -1.59897, -0.04497, 0.92061, -1.45160, 0.17551, 0.91422, -1.86106, -0.10698, 1.22595, -1.44557
-0.19195, 0.74889, -1.59527, -0.04660, 0.92589, -1.44765, 0.16690, 0.90113, -1.85475, -0.10773, 1.23060, -1.43505
-0.19464, 0.75397, -1.59092, -0.04811, 0.93117, -1.44319, 0.15880, 0.88841, -1.84796, -0.10844, 1.23546, -1.42442
-0.19662, 0.75908, -1.58652, -0.04941, 0.93635, -1.43831, 0.15158, 0.87616, -1.84103, -0.10907, 1.24056, -1.41408
-0.19774, 0.76420, -1.58211, -0.05055, 0.94148, -1.43301, 0.14509, 0.86446, -1.83385, -0.10970, 1.24595, -1.40402
-0.19824, 0.76921, -1.57756, -0.05151, 0.94649, -1.42740, 0.13921, 0.85338, -1.82621, -0.11058, 1.25150, -1.39404
-0.19765, 0.77398, -1.57287, -0.05215, 0.95150, -1.42155, 0.13405, 0.84316, -1.81781, -0.11176, 1.25734, -1.38424
-0.19594, 0.77841, -1.56803, -0.05255, 0.95640, -1.41548, 0.12949, 0.83382, -1.80861, -0.11341, 1.26341, -1.37458
-0.19374, 0.78272, -1.56296, -0.05264, 0.96121, -1.40921, 0.12546, 0.82519, -1.79929, -0.11534, 1.26965, -1.36503
-0.19155, 0.78701, -1.55748, -0.05252, 0.96584, -1.40267, 0.12190, 0.81705, -1.79036, -0.11745, 1.27601, -1.35546
-0.18969, 0.79140, -1.55146, -0.05201, 0.97026, -1.39588, 0.11889, 0.80900, -1.78236, -0.11953, 1.28237, -1.34589
-0.18798, 0.79581, -1.54508, -0.05124, 0.97445, -1.38894, 0.11632, 0.80182, -1.77512, -0.12177, 1.28872, -1.33641
-0.18620, 0.80019, -1.53836, -0.05021, 0.97843, -1.38182, 0.11422, 0.79623, -1.76876, -0.12402, 1.29509, -1.32723
-0.18395, 0.80448, -1.53145, -0.04877, 0.98214, -1.37453, 0.11298, 0.79339, -1.76384, -0.12604, 1.30140, -1.31850
-0.18137, 0.80865, -1.52443, -0.04706, 0.98558, -1.36723, 0.11227, 0.79303, -1.76009, -0.12802, 1.30761, -1.31034
-0.17859, 0.81263, -1.51747, -0.04512, 0.98879, -1.36008, 0.11170, 0.79450, -1.75707, -0.13015, 1.31366, -1.30268
-0.17568, 0.81629, -1.51076, -0.04302, 0.99175, -1.35322, 0.11093, 0.79781, -1.75449, -0.13267, 1.31957, -1.29562
-0.17262, 0.81957, -1.50437, -0.04075, 0.99445, -1.34676, 0.10971, 0.80281, -1.75208, -0.13569, 1.32520, -1.28916
-0.16948, 0.82258, -1.49835, -0.03839, 0.99689, -1.34076, 0.10839, 0.80862, -1.74986, -0.13911, 1.33063, -1.28333
-0.16633, 0.82540, -1.49267, -0.03611, 0.99901, -1.33528, 0.10689, 0.81454, -1.74761, -0.14312, 1.33580, -1.27810
-0.16328, 0.82803, -1.48751, -0.03407, 1.00079, -1.33049, 0.10531, 0.81976, -1.74529, -0.14799, 1.34079, -1.27351
-0.16023, 0.83051, -1.48274, -0.03210, 1.00226, -1.32632, 0.10391, 0.82456, -1.74286, -0.15338, 1.34542, -1.26957
-0.15723, 0.83279, -1.47849, -0.03007, 1.00352, -1.32280, 0.10290, 0.82902, -1.74037, -0.15881, 1.34962, -1.26653
-0.15443, 0.83486, -1.47470, -0.02797, 1.00460, -1.32013, 0.10255, 0.83297, -1.73769, -0.16423, 1.35325, -1.26455
-0.15173, 0.83671, -1.47145, -0.02579, 1.00549, -1.31821, 0.10286, 0.83645, -1.73491, -0.16947, 1.35620, -1.26369
-0.14911, 0.83844, -1.46877, -0.02364, 1.00622, -1.31688, 0.10348, 0.83967, -1.73213, -0.17417, 1.35853, -1.26396
-0.14660, 0.84009, -1.46679, -0.02157, 1.00687, -1.31608, 0.10420, 0.84266, -1.72963, -0.17803, 1.36014, -1.26543
-0.14408, 0.84171, -1.46551, -0.01959, 1.00742, -1.31568, 0.10503, 0.84546, -1.72738, -0.18078, 1.36094, -1.26827
-0.14170, 0.84330, -1.46475, -0.01795, 1.00781, -1.31585, 0.10578, 0.84803, -1.72532, -0.18297, 1.36115, -1.27231
-0.13928, 0.84487, -1.46450, -0.01685, 1.00785, -1.31668, 0.10663, 0.85028, -1.72336, -0.18469, 1.36074, -1.27773
-0.13698, 0.84652, -1.46468, -0.01679, 1.00753, -1.31813, 0.10742, 0.85205, -1.72155, -0.18624, 1.35982, -1.28468
-0.13477, 0.84818, -1.46517, -0.01719, 1.00681, -1.32040, 0.10808, 0.85355, -1.71981, -0.18755, 1.35837, -1.29292
-0.13262, 0.84982, -1.46592, -0.01755, 1.00562, -1.32378, 0.10865, 0.85482, -1.71805, -0.18858, 1.35638, -1.30223
-0.13063, 0.85135, -1.46684, -0.01739, 1.00385, -1.32850, 0.10886, 0.85595, -1.71624, -0.18930, 1.35377, -1.31271
-0.12867, 0.85287, -1.46789, -0.01661, 1.00153, -1.33475, 0.10889, 0.85699, -1.71433, -0.18958, 1.35063, -1.32408
-0.12672, 0.85435, -1.46911, -0.01547, 0.99875, -1.34260, 0.10885, 0.85797, -1.71242, -0.18911, 1.34692, -1.33616
-0.12486, 0.85587, -1.47053, -0.01415, 0.99552, -1.35273, 0.10869, 0.85890, -1.71053, -0.18785, 1.34267, -1.34864
-0.12293, 0.85748, -1.47217, -0.01251, 0.99187, -1.36534, 0.10859, 0.85984, -1.70870, -0.18530, 1.33787, -1.36145
-0.12098, 0.85920, -1.47384, -0.01036, 0.98785, -1.37948, 0.10853, 0.86085, -1.70689, -0.18185, 1.33271, -1.37446
-0.11905, 0.86103, -1.47545, -0.00759, 0.98350, -1.39479, 0.10855, 0.86191, -1.70515, -0.17742, 1.32712, -1.38766
-0.11722, 0.86302, -1.47689, -0.00390, 0.97883, -1.41088, 0.10865, 0.86313, -1.70349, -0.17201, 1.32133, -1.40071
-0.11540, 0.86518, -1.47812, 0.00056, 0.97388, -1.42759, 0.10887, 0.86448, -1.70186, -0.16566, 1.31521, -1.41391
-0.11367, 0.86747, -1.47906, 0.00558, 0.96862, -1.44474, 0.10901, 0.86588, -1.70033, -0.15863, 1.30871, -1.42721
-0.11191, 0.87004, -1.47941, 0.01137, 0.96311, -1.46199, 0.10914, 0.86744, -1.69883, -0.15065, 1.30182, -1.44076
-0.11015, 0.87278, -1.47940, 0.01772, 0.95729, -1.47939, 0.10924, 0.86905, -1.69736, -0.14198, 1.29452, -1.45454
-0.10837, 0.87552, -1.47932, 0.02426, 0.95097, -1.49709, 0.10933, 0.87060, -1.69587, -0.13282, 1.28672, -1.46847
-0.10664, 0.87814, -1.47938, 0.03030, 0.94389, -1.51557, 0.10931, 0.87203, -1.69440, -0.12344, 1.27837, -1.48273
-0.10488, 0.88058, -1.47979, 0.03576, 0.93593, -1.53482, 0.10927, 0.87328, -1.69283, -0.11385, 1.26945, -1.49732
-0.10319, 0.88285, -1.48049, 0.04155, 0.92760, -1.55372, 0.10928, 0.87443, -1.69121, -0.10414, 1.26010, -1.51194
-0.10169, 0.88487, -1.48158, 0.04853, 0.91926, -1.57164, 0.10937, 0.87542, -1.68950, -0.09432, 1.25037, -1.52641
-0.10068, 0.88656, -1.48330, 0.05739, 0.91133, -1.58772, 0.10934, 0.87630, -1.68772, -0.08467, 1.24030, -1.54053
-0.09990, 0.88807, -1.48523, 0.06774, 0.90375, -1.60210, 0.10939, 0.87711, -1.68581, -0.07501, 1.22998, -1.55438
-0.09920, 0.88961, -1.48705, 0.07921, 0.89661, -1.61470, 0.10947, 0.87796, -1.68389, -0.06554, 1.21947, -1.56812
-0.09863, 0.89130, -1.48835, 0.09191, 0.89024, -1.62498, 0.10952, 0.87887, -1.68194, -0.05638, 1.20869, -1.58182
-0.09800, 0.89315, -1.48915, 0.10540, 0.88450, -1.63313, 0.10967, 0.87989, -1.67997, -0.04752, 1.19774, -1.59537
-0.09749, 0.89508, -1.48951, 0.11868, 0.87917, -1.63951, 0.10974, 0.88097, -1.67797, -0.03894, 1.18673, -1.60849
-0.09723, 0.89694, -1.48954, 0.13082, 0.87413, -1.64450, 0.10967, 0.88205, -1.67594, -0.03075, 1.17567, -1.62087
-0.09698, 0.89876, -1.48904, 0.14138, 0.86939, -1.64805, 0.10965, 0.88322, -1.67388, -0.02278, 1.16470, -1.63250
-0.09689, 0.90050, -1.48834, 0.15067, 0.86481, -1.65041, 0.10948, 0.88439, -1.67176, -0.01517, 1.15375, -1.64329
-0.09684, 0.90214, -1.48751, 0.15870, 0.86036, -1.65181, 0.10937, 0.88557, -1.66960, -0.00783, 1.14282, -1.65321
-0.09679, 0.90366, -1.48652, 0.16513, 0.85593, -1.65228, 0.10925, 0.88684, -1.66738, -0.00072, 1.13193, -1.66215
-0.09676, 0.90510, -1.48548, 0.17054, 0.85155, -1.65158, 0.10914, 0.88815, -1.66513, 0.00603, 1.12112, -1.67007
-0.09677, 0.90645, -1.48436, 0.17537, 0.84722, -1.64945, 0.10906, 0.88945, -1.66283, 0.01233, 1.11031, -1.67720
-0.09683, 0.90776, -1.48333, 0.17990, 0.84281, -1.64532, 0.10907, 0.89079, -1.66056, 0.01798, 1.09952, -1.68352
-0.09696, 0.90899, -1.48224, 0.18442, 0.83842, -1.63923, 0.10905, 0.89212, -1.65822, 0.02303, 1.08878, -1.68895
-0.09715, 0.91015, -1.48130, 0.18945, 0.83413, -1.63172, 0.10904, 0.89336, -1.65586, 0.02746, 1.07809, -1.69362
-0.09750, 0.91117, -1.48055, 0.19584, 0.83009, -1.62254, 0.10900, 0.89447, -1.65345, 0.03114, 1.06753, -1.69760
-0.09804, 0.91203, -1.48018, 0.20408, 0.82628, -1.61183, 0.10894, 0.89532, -1.65091, 0.03394, 1.05704, -1.70086
-0.09860, 0.91278, -1.48006, 0.21296, 0.82269, -1.60045, 0.10892, 0.89600, -1.64828, 0.03639, 1.04667, -1.70345
-0.09916, 0.91352, -1.48015, 0.22181, 0.81934, -1.58916, 0.10890, 0.89655, -1.64574, 0.03864, 1.03644, -1.70543
-0.09957, 0.91420, -1.48075, 0.23047, 0.81625, -1.57880, 0.10904, 0.89688, -1.64320, 0.04100, 1.02626, -1.70679
-0.09996, 0.91487, -1.48148, 0.23838, 0.81359, -1.56916, 0.10926, 0.89712, -1.64073, 0.04343, 1.01630, -1.70751
-0.10049, 0.91557, -1.48225, 0.24481, 0.81165, -1.56042, 0.10948, 0.89741, -1.63838, 0.04587, 1.00661, -1.70769
-0.10125, 0.91630, -1.48288, 0.24875, 0.81095, -1.55308, 0.10973, 0.89781, -1.63619, 0.04848, 0.99725, -1.70720
-0.10221, 0.91710, -1.48337, 0.25039, 0.81138, -1.54715, 0.11009, 0.89839, -1.63415, 0.05125, 0.98831, -1.70618
-0.10335, 0.91793, -1.48379, 0.25023, 0.81249, -1.54248, 0.11052, 0.89907, -1.63216, 0.05403, 0.97995, -1.70476
-0.10461, 0.91885, -1.48407, 0.24790, 0.81430, -1.53950, 0.11116, 0.89993, -1.63011, 0.05684, 0.97226, -1.70301
-0.10605, 0.91981, -1.48427, 0.24345, 0.81661, -1.53844, 0.11206, 0.90090, -1.62797, 0.05970, 0.96539, -1.70098
-0.10757, 0.92084, -1.48436, 0.23829, 0.81901, -1.53812, 0.11302, 0.90190, -1.62583, 0.06249, 0.95918, -1.69871
-0.10908, 0.92195, -1.48426, 0.23384, 0.82110, -1.53779, 0.11398, 0.90291, -1.62369, 0.06528, 0.95370, -1.69619
-0.11054, 0.92320, -1.48404, 0.23180, 0.82220, -1.53680, 0.11496, 0.90380, -1.62151, 0.06821, 0.94890, -1.69338
-0.11198, 0.92450, -1.48363, 0.23080, 0.82274, -1.53542, 0.11575, 0.90468, -1.61946, 0.07106, 0.94488, -1.69029
-0.11324, 0.92584, -1.48322, 0.23032, 0.82288, -1.53381, 0.11654, 0.90556, -1.61750, 0.07397, 0.94156, -1.68699
-0.11446, 0.92721, -1.48289, 0.22952, 0.82259, -1.53186, 0.11699, 0.90653, -1.61592, 0.07679, 0.93909, -1.68343
-0.11547, 0.92855, -1.48265, 0.22851, 0.82202, -1.52962, 0.11730, 0.90759, -1.61460, 0.07963, 0.93749, -1.67962
-0.11627, 0.92982, -1.48248, 0.22731, 0.82137, -1.52724, 0.11764, 0.90864, -1.61340, 0.08230, 0.93678, -1.67560
-0.11689, 0.93100, -1.48243, 0.22569, 0.82086, -1.52475, 0.11809, 0.90968, -1.61235, 0.08477, 0.93725, -1.67123
-0.11719, 0.93202, -1.48248, 0.22367, 0.82061, -1.52209, 0.11881, 0.91067, -1.61132, 0.08695, 0.93904, -1.66657
-0.11731, 0.93294, -1.48255, 0.22171, 0.82054, -1.51939, 0.11974, 0.91160, -1.61037, 0.08900, 0.94153, -1.66169
-0.11755, 0.93378, -1.48231, 0.21992, 0.82061, -1.51666, 0.12062, 0.91249, -1.60943, 0.09070, 0.94445, -1.65663
-0.11789, 0.93452, -1.48170, 0.21891, 0.82089, -1.51402, 0.12155, 0.91322, -1.60841, 0.09217, 0.94749, -1.65154
-0.11829, 0.93522, -1.48080, 0.21825, 0.82131, -1.51139, 0.12251, 0.91393, -1.60739, 0.09346, 0.95059, -1.64647
-0.11883, 0.93593, -1.47962, 0.21771, 0.82186, -1.50868, 0.12342, 0.91474, -1.60640, 0.09468, 0.95366, -1.64138
-0.11951, 0.93677, -1.47808, 0.21708, 0.82255, -1.50584, 0.12420, 0.91573, -1.60546, 0.09602, 0.95638, -1.63642
-0.12022, 0.93773, -1.47634, 0.21644, 0.82334, -1.50288, 0.12493, 0.91685, -1.60455, 0.09747, 0.95881, -1.63163
-0.12110, 0.93874, -1.47442, 0.21564, 0.82421, -1.49992, 0.12550, 0.91803, -1.60371, 0.09869, 0.96113, -1.62711
-0.12214, 0.93986, -1.47239, 0.21456, 0.82519, -1.49698, 0.12587, 0.91925, -1.60299, 0.09949, 0.96351, -1.62306
-0.12342, 0.94103, -1.47036, 0.21317, 0.82623, -1.49416, 0.12610, 0.92037, -1.60236, 0.09975, 0.96590, -1.61956
-0.12479, 0.94228, -1.46830, 0.21161, 0.82736, -1.49146, 0.12613, 0.92152, -1.60184, 0.09965, 0.96823, -1.61657
-0.12633, 0.94354, -1.46642, 0.20998, 0.82851, -1.48904, 0.12597, 0.92258, -1.60134, 0.09920, 0.97032, -1.61413
-0.12798, 0.94480, -1.46484, 0.20832, 0.82962, -1.48692, 0.12561, 0.92359, -1.60093, 0.09841, 0.97201, -1.61240
-0.12977, 0.94604, -1.46356, 0.20659, 0.83071, -1.48520, 0.12508, 0.92452, -1.60052, 0.09739, 0.97337, -1.61114
-0.13148, 0.94729, -1.46240, 0.20487, 0.83178, -1.48364, 0.12457, 0.92549, -1.60011, 0.09628, 0.97449, -1.61031
-0.13324, 0.94850, -1.46133, 0.20300, 0.83283, -1.48233, 0.12397, 0.92652, -1.59960, 0.09515, 0.97532, -1.60975
-0.13488, 0.94967, -1.46045, 0.20109, 0.83383, -1.48127, 0.12349, 0.92756, -1.59900, 0.09412, 0.97584, -1.60944
-0.13657, 0.95081, -1.45958, 0.19913, 0.83477, -1.48038, 0.12293, 0.92857, -1.59837, 0.09302, 0.97617, -1.60926
-0.13826, 0.95181, -1.45877, 0.19720, 0.83560, -1.47966, 0.12241, 0.92942, -1.59768, 0.09202, 0.97635, -1.60904
-0.13993, 0.95271, -1.45803, 0.19526, 0.83628, -1.47910, 0.12185, 0.93011, -1.59693, 0.09108, 0.97636, -1.60875
-0.14161, 0.95351, -1.45743, 0.19335, 0.83686, -1.47875, 0.12129, 0.93058, -1.59610, 0.09014, 0.97622, -1.60840
-0.14320, 0.95429, -1.45693, 0.19146, 0.83736, -1.47848, 0.12066, 0.93097, -1.59529, 0.08921, 0.97603, -1.60802
-0.14486, 0.95505, -1.45680, 0.18956, 0.83778, -1.47843, 0.11984, 0.93114, -1.59448, 0.08816, 0.97581, -1.60750
-0.14633, 0.95580, -1.45676, 0.18778, 0.83814, -1.47842, 0.11899, 0.93123, -1.59366, 0.08724, 0.97558, -1.60695
-0.14759, 0.95656, -1.45679, 0.18619, 0.83847, -1.47848, 0.11834, 0.93123, -1.59283, 0.08647, 0.97534, -1.60640
-0.14857, 0.95736, -1.45665, 0.18494, 0.83882, -1.47856, 0.11789, 0.93124, -1.59207, 0.08603, 0.97521, -1.60585
-0.14915, 0.95819, -1.45637, 0.18402, 0.83918, -1.47857, 0.11779, 0.93124, -1.59132, 0.08598, 0.97520, -1.60538
-0.14955, 0.95901, -1.45606, 0.18330, 0.83954, -1.47855, 0.11786, 0.93126, -1.59052, 0.08606, 0.97521, -1.60486
-0.14984, 0.95982, -1.45576, 0.18274, 0.83987, -1.47850, 0.11806, 0.93137, -1.58971, 0.08626, 0.97532, -1.60429
-0.15010, 0.96056, -1.45542, 0.18226, 0.84019, -1.47834, 0.11834, 0.93157, -1.58889, 0.08643, 0.97556, -1.60359
-0.15026, 0.96129, -1.45511, 0.18188, 0.84051, -1.47807, 0.11866, 0.93183, -1.58806, 0.08657, 0.97588, -1.60286
-0.15042, 0.96201, -1.45481, 0.18154, 0.84085, -1.47771, 0.11898, 0.93212, -1.58716, 0.08663, 0.97629, -1.60204
-0.15068, 0.96271, -1.45445, 0.18108, 0.84123, -1.47722, 0.11906, 0.93247, -1.58620, 0.08626, 0.97682, -1.60116
-0.15099, 0.96342, -1.45404, 0.18058, 0.84163, -1.47669, 0.11897, 0.93285, -1.58526, 0.08574, 0.97742, -1.60018
-0.15130, 0.96417, -1.45348, 0.18007, 0.84208, -1.47598, 0.11881, 0.93334, -1.58424, 0.08519, 0.97814, -1.59926
-0.15160, 0.96498, -1.45279, 0.17954, 0.84256, -1.47517, 0.11861, 0.93385, -1.58329, 0.08473, 0.97892, -1.59844
-0.15188, 0.96582, -1.45198, 0.17904, 0.84303, -1.47436, 0.11830, 0.93440, -1.58232, 0.08436, 0.97975, -1.59771
-0.15217, 0.96665, -1.45120, 0.17858, 0.84353, -1.47344, 0.11803, 0.93499, -1.58137, 0.08415, 0.98061, -1.59710
-0.15252, 0.96737, -1.45062, 0.17807, 0.84396, -1.47273, 0.11776, 0.93556, -1.58058, 0.08402, 0.98135, -1.59661
-0.15298, 0.96797, -1.45044, 0.17750, 0.84432, -1.47214, 0.11754, 0.93614, -1.57994, 0.08405, 0.98198, -1.59629
-0.15345, 0.96855, -1.45030, 0.17696, 0.84466, -1.47160, 0.11739, 0.93675, -1.57938, 0.08421, 0.98255, -1.59603
