base_lf1, lf1_lf2, lf2_lf3, base_rf1, rf1_rf2, rf2_rf3, base_rb1, rb1_rb2, rb2_rb3, base_lb1, lb1_lb2, lb2_lb3
-0.05088, 0.92120, -1.83463, -0.03005, 0.94096, -1.88252, 0.12375, 0.91412, -1.88932, 0.03774, 0.98312, -1.71741
-0.04917, 0.92782, -1.82971, -0.02973, 0.92052, -1.90187, 0.12742, 0.90033, -1.89260, 0.04174, 0.98951, -1.71250
-0.04751, 0.93442, -1.82435, -0.02966, 0.89991, -1.91928, 0.13033, 0.88646, -1.89526, 0.04602, 0.99598, -1.70726
-0.04591, 0.94101, -1.81838, -0.02988, 0.87965, -1.93456, 0.13252, 0.87284, -1.89739, 0.05052, 1.00269, -1.70180
-0.04429, 0.94758, -1.81135, -0.03059, 0.86061, -1.94769, 0.13379, 0.85988, -1.89916, 0.05539, 1.00988, -1.69613
-0.04260, 0.95415, -1.80358, -0.03135, 0.84266, -1.95898, 0.13432, 0.84749, -1.90053, 0.06056, 1.01740, -1.69031
-0.04105, 0.96071, -1.79514, -0.03190, 0.82549, -1.96850, 0.13423, 0.83557, -1.90142, 0.06587, 1.02523, -1.68411
-0.03976, 0.96729, -1.78635, -0.03135, 0.80899, -1.97673, 0.13379, 0.82408, -1.90182, 0.07130, 1.03322, -1.67758
-0.03889, 0.97390, -1.77720, -0.02946, 0.79320, -1.98379, 0.13305, 0.81304, -1.90183, 0.07669, 1.04136, -1.67058
-0.03806, 0.98052, -1.76771, -0.02678, 0.77835, -1.98936, 0.13191, 0.80246, -1.90128, 0.08211, 1.04960, -1.66319
-0.03712, 0.98716, -1.75781, -0.02339, 0.76477, -1.99322, 0.13033, 0.79239, -1.90016, 0.08764, 1.05791, -1.65540
-0.03591, 0.99386, -1.74751, -0.01950, 0.75305, -1.99533, 0.12798, 0.78287, -1.89835, 0.09319, 1.06621, -1.64712
-0.03448, 1.00053, -1.73698, -0.01514, 0.74269, -1.99586, 0.12540, 0.77393, -1.89599, 0.09872, 1.07447, -1.63849
-0.03275, 1.00716, -1.72624, -0.01029, 0.73348, -1.99461, 0.12308, 0.76577, -1.89323, 0.10443, 1.08275, -1.62971
-0.03082, 1.01366, -1.71542, -0.00526, 0.72535, -1.99079, 0.12153, 0.75854, -1.89017, 0.11011, 1.09098, -1.62081
-0.02865, 1.01999, -1.70470, 0.00008, 0.71813, -1.98526, 0.12076, 0.75221, -1.88686, 0.11583, 1.09907, -1.61189
-0.02629, 1.02605, -1.69425, 0.00582, 0.71153, -1.97918, 0.12064, 0.74668, -1.88338, 0.12152, 1.10698, -1.60295
-0.02388, 1.03166, -1.68455, 0.01235, 0.70521, -1.97407, 0.12123, 0.74184, -1.87974, 0.12713, 1.11443, -1.59398
-0.02141, 1.03671, -1.67582, 0.01966, 0.69894, -1.97045, 0.12255, 0.73771, -1.87598, 0.13254, 1.12132, -1.58511
-0.01878, 1.04156, -1.66731, 0.02613, 0.69298, -1.96641, 0.12444, 0.73436, -1.87196, 0.13775, 1.12796, -1.57633
-0.01598, 1.04648, -1.65867, 0.02980, 0.68731, -1.96054, 0.12687, 0.73193, -1.86749, 0.14272, 1.13452, -1.56767
-0.01278, 1.05176, -1.64919, 0.02750, 0.68184, -1.95068, 0.13016, 0.73055, -1.86215, 0.14738, 1.14120, -1.55907
-0.00941, 1.05718, -1.63949, 0.02424, 0.67686, -1.93929, 0.13371, 0.73022, -1.85642, 0.15165, 1.14792, -1.55073
-0.00588, 1.06259, -1.62997, 0.02434, 0.67261, -1.92814, 0.13740, 0.73098, -1.85057, 0.15569, 1.15468, -1.54268
-0.00238, 1.06780, -1.62132, 0.03421, 0.66950, -1.91963, 0.14082, 0.73308, -1.84474, 0.15922, 1.16145, -1.53502
0.00120, 1.07298, -1.61340, 0.05161, 0.66753, -1.91306, 0.14390, 0.73648, -1.83911, 0.16244, 1.16826, -1.52793
0.00464, 1.07824, -1.60564, 0.07093, 0.66667, -1.90682, 0.14609, 0.74112, -1.83407, 0.16531, 1.17502, -1.52145
0.00782, 1.08389, -1.59767, 0.08853, 0.66721, -1.89995, 0.14666, 0.74742, -1.83026, 0.16808, 1.18187, -1.51592
0.01074, 1.09007, -1.58924, 0.10231, 0.66928, -1.89206, 0.14531, 0.75541, -1.82792, 0.17089, 1.18885, -1.51148
0.01337, 1.09637, -1.58094, 0.11355, 0.67235, -1.88357, 0.14339, 0.76397, -1.82619, 0.17357, 1.19583, -1.50823
0.01565, 1.10255, -1.57310, 0.12210, 0.67618, -1.87467, 0.14184, 0.77215, -1.82465, 0.17612, 1.20281, -1.50637
0.01760, 1.10840, -1.56629, 0.12713, 0.68059, -1.86532, 0.14203, 0.77872, -1.82295, 0.17883, 1.20998, -1.50647
0.01917, 1.11403, -1.56010, 0.13011, 0.68550, -1.85567, 0.14283, 0.78465, -1.82140, 0.18107, 1.21687, -1.50809
0.02044, 1.11949, -1.55442, 0.13241, 0.69085, -1.84575, 0.14367, 0.79047, -1.82007, 0.18247, 1.22296, -1.51123
0.02140, 1.12484, -1.54905, 0.13581, 0.69652, -1.83506, 0.14387, 0.79670, -1.81923, 0.18230, 1.22769, -1.51610
0.02199, 1.13002, -1.54402, 0.13924, 0.70245, -1.82449, 0.14333, 0.80324, -1.81865, 0.18040, 1.23088, -1.52243
0.02222, 1.13509, -1.53920, 0.14065, 0.70872, -1.81570, 0.14249, 0.80978, -1.81814, 0.17706, 1.23268, -1.52985
0.02182, 1.13999, -1.53440, 0.13685, 0.71551, -1.81149, 0.14109, 0.81601, -1.81738, 0.17175, 1.23259, -1.53776
0.02064, 1.14477, -1.52945, 0.12671, 0.72288, -1.81310, 0.13921, 0.82175, -1.81625, 0.16424, 1.23043, -1.54588
0.01916, 1.14938, -1.52475, 0.11485, 0.73028, -1.81700, 0.13701, 0.82724, -1.81502, 0.15563, 1.22679, -1.55481
0.01771, 1.15384, -1.52054, 0.10469, 0.73707, -1.82134, 0.13467, 0.83241, -1.81375, 0.14654, 1.22175, -1.56478
0.01658, 1.15829, -1.51686, 0.10064, 0.74238, -1.82415, 0.13224, 0.83722, -1.81260, 0.13737, 1.21539, -1.57624
0.01550, 1.16244, -1.51397, 0.09924, 0.74718, -1.82651, 0.12968, 0.84188, -1.81154, 0.12838, 1.20787, -1.58881
0.01411, 1.16611, -1.51199, 0.09819, 0.75217, -1.82904, 0.12691, 0.84651, -1.81051, 0.11975, 1.19914, -1.60239
0.01210, 1.16914, -1.51094, 0.09501, 0.75824, -1.83203, 0.12383, 0.85131, -1.80955, 0.11209, 1.18896, -1.61706
0.00953, 1.17133, -1.51152, 0.08988, 0.76523, -1.83543, 0.12051, 0.85627, -1.80867, 0.10522, 1.17777, -1.63240
0.00657, 1.17234, -1.51469, 0.08404, 0.77255, -1.83891, 0.11724, 0.86131, -1.80775, 0.09908, 1.16623, -1.64790
0.00322, 1.17158, -1.52244, 0.07784, 0.77980, -1.84220, 0.11431, 0.86649, -1.80689, 0.09405, 1.15522, -1.66317
-0.00022, 1.16868, -1.53555, 0.07180, 0.78677, -1.84521, 0.11198, 0.87175, -1.80594, 0.09035, 1.14518, -1.67814
-0.00366, 1.16406, -1.55203, 0.06600, 0.79374, -1.84805, 0.10975, 0.87707, -1.80497, 0.08662, 1.13544, -1.69301
-0.00658, 1.15764, -1.57092, 0.06079, 0.80082, -1.85084, 0.10739, 0.88244, -1.80383, 0.08198, 1.12574, -1.70778
-0.00835, 1.14896, -1.59145, 0.05669, 0.80817, -1.85367, 0.10452, 0.88784, -1.80257, 0.07511, 1.11604, -1.72251
-0.00965, 1.13893, -1.61298, 0.05342, 0.81561, -1.85641, 0.10156, 0.89322, -1.80108, 0.06703, 1.10605, -1.73713
-0.01104, 1.12829, -1.63480, 0.05072, 0.82300, -1.85894, 0.09873, 0.89852, -1.79933, 0.05815, 1.09564, -1.75167
-0.01313, 1.11799, -1.65586, 0.04858, 0.83005, -1.86124, 0.09631, 0.90359, -1.79715, 0.04848, 1.08446, -1.76603
-0.01570, 1.10803, -1.67675, 0.04698, 0.83690, -1.86310, 0.09437, 0.90857, -1.79463, 0.03853, 1.07261, -1.78012
-0.01848, 1.09792, -1.69865, 0.04583, 0.84374, -1.86443, 0.09261, 0.91359, -1.79183, 0.02880, 1.06013, -1.79341
-0.02114, 1.08759, -1.72270, 0.04520, 0.85073, -1.86468, 0.09106, 0.91900, -1.78881, 0.02003, 1.04704, -1.80550
-0.02373, 1.07684, -1.74948, 0.04491, 0.85798, -1.86394, 0.08946, 0.92480, -1.78561, 0.01251, 1.03325, -1.81603
-0.02629, 1.06520, -1.77734, 0.04492, 0.86533, -1.86230, 0.08784, 0.93087, -1.78210, 0.00594, 1.01917, -1.82528
-0.02862, 1.05221, -1.80528, 0.04517, 0.87267, -1.85986, 0.08607, 0.93704, -1.77815, 0.00035, 1.00504, -1.83335
-0.03057, 1.03720, -1.83236, 0.04561, 0.87992, -1.85669, 0.08408, 0.94318, -1.77361, -0.00410, 0.99114, -1.84035
-0.03248, 1.02081, -1.85815, 0.04604, 0.88711, -1.85287, 0.08183, 0.94937, -1.76867, -0.00785, 0.97740, -1.84645
-0.03453, 1.00332, -1.88254, 0.04646, 0.89421, -1.84850, 0.07948, 0.95568, -1.76344, -0.01122, 0.96379, -1.85181
-0.03711, 0.98476, -1.90533, 0.04646, 0.90117, -1.84384, 0.07701, 0.96213, -1.75819, -0.01473, 0.95028, -1.85678
-0.04016, 0.96545, -1.92622, 0.04612, 0.90805, -1.83883, 0.07429, 0.96872, -1.75287, -0.01824, 0.93691, -1.86125
-0.04342, 0.94581, -1.94518, 0.04599, 0.91484, -1.83341, 0.07148, 0.97539, -1.74728, -0.02125, 0.92366, -1.86504
-0.04693, 0.92620, -1.96236, 0.04648, 0.92161, -1.82737, 0.06845, 0.98208, -1.74116, -0.02335, 0.91054, -1.86793
-0.05059, 0.90686, -1.97796, 0.04788, 0.92832, -1.82068, 0.06530, 0.98879, -1.73448, -0.02430, 0.89756, -1.86999
-0.05419, 0.88794, -1.99143, 0.04956, 0.93503, -1.81338, 0.06199, 0.99555, -1.72746, -0.02448, 0.88477, -1.87129
-0.05776, 0.86967, -2.00283, 0.05121, 0.94176, -1.80561, 0.05862, 1.00241, -1.72037, -0.02405, 0.87218, -1.87201
-0.06146, 0.85239, -2.01223, 0.05245, 0.94859, -1.79739, 0.05517, 1.00938, -1.71343, -0.02319, 0.85975, -1.87231
-0.06514, 0.83604, -2.01943, 0.05351, 0.95542, -1.78868, 0.05153, 1.01655, -1.70633, -0.02200, 0.84764, -1.87205
-0.06875, 0.82065, -2.02447, 0.05459, 0.96215, -1.77961, 0.04760, 1.02379, -1.69886, -0.02046, 0.83591, -1.87112
-0.07244, 0.80653, -2.02695, 0.05587, 0.96862, -1.77007, 0.04301, 1.03120, -1.69057, -0.01888, 0.82474, -1.86949
-0.07611, 0.79361, -2.02725, 0.05731, 0.97489, -1.76020, 0.03797, 1.03871, -1.68162, -0.01724, 0.81417, -1.86732
-0.07962, 0.78169, -2.02577, 0.05865, 0.98104, -1.75012, 0.03268, 1.04622, -1.67233, -0.01556, 0.80416, -1.86480
-0.08262, 0.77078, -2.02246, 0.05973, 0.98716, -1.73999, 0.02749, 1.05351, -1.66296, -0.01390, 0.79473, -1.86213
-0.08511, 0.76091, -2.01750, 0.06050, 0.99329, -1.72987, 0.02257, 1.06057, -1.65373, -0.01232, 0.78593, -1.85952
-0.08729, 0.75184, -2.01177, 0.06090, 0.99931, -1.71980, 0.01752, 1.06749, -1.64444, -0.01083, 0.77784, -1.85657
-0.08921, 0.74343, -2.00612, 0.06093, 1.00509, -1.71000, 0.01232, 1.07426, -1.63514, -0.00957, 0.77057, -1.85305
-0.09091, 0.73553, -2.00148, 0.06031, 1.01052, -1.70059, 0.00655, 1.08089, -1.62572, -0.00872, 0.76434, -1.84865
-0.09245, 0.72816, -1.99696, 0.05945, 1.01573, -1.69135, 0.00092, 1.08741, -1.61630, -0.00800, 0.75898, -1.84368
-0.09373, 0.72125, -1.99200, 0.05848, 1.02086, -1.68199, -0.00410, 1.09378, -1.60698, -0.00724, 0.75436, -1.83830
-0.09386, 0.71462, -1.98590, 0.05778, 1.02596, -1.67198, -0.00750, 1.10005, -1.59771, -0.00575, 0.75035, -1.83246
-0.09420, 0.70837, -1.97871, 0.05715, 1.03106, -1.66154, -0.00979, 1.10620, -1.58862, -0.00420, 0.74704, -1.82628
-0.09702, 0.70288, -1.97079, 0.05645, 1.03606, -1.65123, -0.01175, 1.11221, -1.57968, -0.00346, 0.74468, -1.81990
-0.10589, 0.69829, -1.96211, 0.05533, 1.04089, -1.64162, -0.01421, 1.11797, -1.57086, -0.00505, 0.74353, -1.81328
-0.12197, 0.69488, -1.95246, 0.05379, 1.04554, -1.63295, -0.01748, 1.12353, -1.56217, -0.00935, 0.74386, -1.80651
-0.14051, 0.69281, -1.94182, 0.05188, 1.05023, -1.62455, -0.02115, 1.12909, -1.55411, -0.01423, 0.74560, -1.79971
-0.15851, 0.69263, -1.93000, 0.04988, 1.05517, -1.61608, -0.02490, 1.13489, -1.54707, -0.01799, 0.74913, -1.79312
-0.17349, 0.69530, -1.91654, 0.04773, 1.06063, -1.60696, -0.02886, 1.14133, -1.54147, -0.01869, 0.75524, -1.78672
-0.18576, 0.69956, -1.90236, 0.04551, 1.06641, -1.59759, -0.03290, 1.14807, -1.53728, -0.01782, 0.76266, -1.78066
-0.19484, 0.70458, -1.88826, 0.04344, 1.07248, -1.58807, -0.03683, 1.15502, -1.53475, -0.01599, 0.77047, -1.77529
-0.19937, 0.70935, -1.87531, 0.04151, 1.07891, -1.57839, -0.04097, 1.16220, -1.53445, -0.01363, 0.77750, -1.77141
-0.19978, 0.71407, -1.86395, 0.03982, 1.08564, -1.56869, -0.04495, 1.16949, -1.53612, -0.01103, 0.78389, -1.76878
-0.19667, 0.71935, -1.85418, 0.03838, 1.09247, -1.55907, -0.04814, 1.17665, -1.53928, -0.00853, 0.79007, -1.76668
-0.18903, 0.72583, -1.84670, 0.03702, 1.09948, -1.54950, -0.05002, 1.18373, -1.54376, -0.00686, 0.79626, -1.76458
-0.17676, 0.73369, -1.84186, 0.03590, 1.10660, -1.54005, -0.04996, 1.19051, -1.54938, -0.00636, 0.80249, -1.76224
-0.16349, 0.74197, -1.83850, 0.03510, 1.11355, -1.53115, -0.04836, 1.19643, -1.55614, -0.00604, 0.80885, -1.76010
-0.15226, 0.74994, -1.83649, 0.03486, 1.12016, -1.52317, -0.04504, 1.20083, -1.56385, -0.00538, 0.81535, -1.75847
-0.14700, 0.75675, -1.83623, 0.03546, 1.12616, -1.51676, -0.03936, 1.20273, -1.57253, -0.00365, 0.82205, -1.75786
-0.14486, 0.76304, -1.83690, 0.03661, 1.13155, -1.51166, -0.03225, 1.20268, -1.58225, -0.00140, 0.82887, -1.75761
-0.14430, 0.76914, -1.83762, 0.03800, 1.13628, -1.50787, -0.02454, 1.20083, -1.59313, 0.00066, 0.83572, -1.75718
-0.14458, 0.77530, -1.83716, 0.03948, 1.14029, -1.50549, -0.01691, 1.19683, -1.60532, 0.00184, 0.84254, -1.75592
-0.14501, 0.78153, -1.83581, 0.04095, 1.14337, -1.50469, -0.00949, 1.19106, -1.61874, 0.00241, 0.84926, -1.75398
-0.14471, 0.78782, -1.83465, 0.04229, 1.14527, -1.50590, -0.00216, 1.18409, -1.63333, 0.00301, 0.85575, -1.75187
-0.14237, 0.79426, -1.83439, 0.04333, 1.14546, -1.50952, 0.00482, 1.17640, -1.64949, 0.00415, 0.86184, -1.75003
-0.13727, 0.80088, -1.83561, 0.04403, 1.14354, -1.51598, 0.01152, 1.16817, -1.66720, 0.00624, 0.86738, -1.74870
-0.13118, 0.80756, -1.83736, 0.04429, 1.14005, -1.52535, 0.01809, 1.15943, -1.68571, 0.00879, 0.87268, -1.74754
-0.12521, 0.81423, -1.83917, 0.04388, 1.13484, -1.53833, 0.02445, 1.15020, -1.70457, 0.01146, 0.87780, -1.74633
-0.12060, 0.82076, -1.84061, 0.04259, 1.12752, -1.55630, 0.03045, 1.14073, -1.72334, 0.01402, 0.88278, -1.74490
-0.11650, 0.82728, -1.84175, 0.04071, 1.11892, -1.57686, 0.03649, 1.13092, -1.74187, 0.01673, 0.88777, -1.74332
-0.11251, 0.83392, -1.84236, 0.03834, 1.10982, -1.59822, 0.04262, 1.12094, -1.75974, 0.01966, 0.89297, -1.74169
-0.10810, 0.84081, -1.84220, 0.03564, 1.10137, -1.61824, 0.04933, 1.11099, -1.77638, 0.02300, 0.89859, -1.74004
-0.10327, 0.84793, -1.84134, 0.03247, 1.09331, -1.63743, 0.05648, 1.10093, -1.79187, 0.02671, 0.90461, -1.73834
-0.09849, 0.85511, -1.84009, 0.02847, 1.08475, -1.65743, 0.06393, 1.09047, -1.80664, 0.03045, 0.91084, -1.73661
-0.09396, 0.86223, -1.83874, 0.02308, 1.07502, -1.67933, 0.07159, 1.07926, -1.82075, 0.03386, 0.91721, -1.73484
-0.08977, 0.86924, -1.83738, 0.01611, 1.06369, -1.70348, 0.07958, 1.06714, -1.83426, 0.03694, 0.92367, -1.73298
-0.08578, 0.87617, -1.83579, 0.00865, 1.05097, -1.72866, 0.08738, 1.05440, -1.84685, 0.03987, 0.93012, -1.73089
-0.08152, 0.88312, -1.83379, 0.00181, 1.03674, -1.75416, 0.09493, 1.04109, -1.85839, 0.04328, 0.93658, -1.72844
-0.07688, 0.89003, -1.83133, -0.00341, 1.02069, -1.77971, 0.10180, 1.02716, -1.86869, 0.04739, 0.94289, -1.72533
-0.07202, 0.89692, -1.82847, -0.00783, 1.00320, -1.80468, 0.10833, 1.01279, -1.87772, 0.05192, 0.94907, -1.72185
-0.06712, 0.90378, -1.82538, -0.01211, 0.98445, -1.82877, 0.11464, 0.99812, -1.88552, 0.05665, 0.95507, -1.71808
-0.06219, 0.91063, -1.82223, -0.01692, 0.96430, -1.85189, 0.12114, 0.98320, -1.89200, 0.06133, 0.96067, -1.71422
-0.05748, 0.91746, -1.81888, -0.02224, 0.94320, -1.87333, 0.12758, 0.96821, -1.89729, 0.06602, 0.96604, -1.71026
-0.05323, 0.92423, -1.81505, -0.02791, 0.92187, -1.89255, 0.13341, 0.95330, -1.90153, 0.07077, 0.97146, -1.70600
-0.04998, 0.93092, -1.81024, -0.03411, 0.90110, -1.90933, 0.13791, 0.93875, -1.90491, 0.07566, 0.97722, -1.70121
-0.04780, 0.93753, -1.80427, -0.04067, 0.88136, -1.92370, 0.14094, 0.92475, -1.90754, 0.08086, 0.98354, -1.69578
-0.04620, 0.94411, -1.79755, -0.04758, 0.86231, -1.93583, 0.14297, 0.91104, -1.90943, 0.08620, 0.99016, -1.68990
