base_lf1, lf1_lf2, lf2_lf3, base_rf1, rf1_rf2, rf2_rf3, base_rb1, rb1_rb2, rb2_rb3, base_lb1, lb1_lb2, lb2_lb3
-0.04227, 0.94799, -1.50400, 0.18528, 0.78121, -1.57888, 0.22327, 0.97159, -1.69491, 0.13079, 1.05215, -1.63378
-0.04173, 0.94948, -1.50376, 0.18752, 0.77947, -1.56317, 0.22438, 0.97206, -1.69203, 0.13329, 1.05506, -1.63373
-0.04103, 0.95103, -1.50364, 0.18817, 0.77820, -1.54915, 0.22599, 0.97222, -1.68911, 0.13579, 1.05794, -1.63369
-0.04023, 0.95251, -1.50381, 0.18645, 0.77785, -1.53852, 0.22777, 0.97251, -1.68645, 0.13817, 1.06084, -1.63377
-0.03963, 0.95366, -1.50459, 0.17993, 0.77938, -1.53504, 0.22936, 0.97343, -1.68468, 0.14026, 1.06371, -1.63405
-0.03917, 0.95453, -1.50591, 0.17003, 0.78224, -1.53696, 0.23076, 0.97483, -1.68357, 0.14200, 1.06651, -1.63441
-0.03863, 0.95530, -1.50737, 0.15978, 0.78540, -1.54059, 0.23210, 0.97632, -1.68274, 0.14357, 1.06921, -1.63474
-0.03797, 0.95612, -1.50862, 0.15191, 0.78798, -1.54335, 0.23333, 0.97758, -1.68193, 0.14495, 1.07171, -1.63490
-0.03703, 0.95704, -1.50957, 0.14831, 0.78953, -1.54395, 0.23451, 0.97844, -1.68089, 0.14626, 1.07395, -1.63472
-0.03611, 0.95804, -1.51017, 0.14728, 0.79056, -1.54379, 0.23552, 0.97918, -1.67980, 0.14728, 1.07613, -1.63446
-0.03524, 0.95910, -1.51037, 0.14888, 0.79106, -1.54330, 0.23637, 0.98001, -1.67867, 0.14796, 1.07835, -1.63425
-0.03452, 0.96031, -1.50991, 0.15403, 0.79078, -1.54261, 0.23696, 0.98107, -1.67743, 0.14810, 1.08077, -1.63425
-0.03402, 0.96149, -1.50910, 0.16074, 0.79025, -1.54170, 0.23731, 0.98225, -1.67607, 0.14784, 1.08324, -1.63429
-0.03392, 0.96263, -1.50832, 0.16734, 0.78989, -1.54069, 0.23736, 0.98351, -1.67465, 0.14739, 1.08557, -1.63417
-0.03445, 0.96349, -1.50784, 0.17201, 0.79022, -1.53944, 0.23713, 0.98475, -1.67305, 0.14695, 1.08755, -1.63361
-0.03546, 0.96418, -1.50765, 0.17472, 0.79119, -1.53804, 0.23650, 0.98602, -1.67134, 0.14643, 1.08931, -1.63278
-0.03654, 0.96478, -1.50751, 0.17614, 0.79246, -1.53657, 0.23558, 0.98727, -1.66959, 0.14573, 1.09100, -1.63190
-0.03727, 0.96534, -1.50723, 0.17596, 0.79384, -1.53491, 0.23433, 0.98849, -1.66790, 0.14483, 1.09285, -1.63110
-0.03759, 0.96595, -1.50673, 0.17408, 0.79525, -1.53306, 0.23276, 0.98970, -1.66635, 0.14365, 1.09496, -1.63053
-0.03759, 0.96655, -1.50620, 0.17167, 0.79671, -1.53121, 0.23092, 0.99085, -1.66486, 0.14217, 1.09705, -1.63007
-0.03725, 0.96717, -1.50584, 0.16937, 0.79819, -1.52934, 0.22901, 0.99188, -1.66328, 0.14062, 1.09893, -1.62960
-0.03650, 0.96782, -1.50582, 0.16809, 0.79968, -1.52754, 0.22717, 0.99273, -1.66161, 0.13901, 1.10037, -1.62918
-0.03547, 0.96841, -1.50596, 0.16753, 0.80123, -1.52598, 0.22522, 0.99344, -1.65979, 0.13722, 1.10153, -1.62865
-0.03441, 0.96893, -1.50600, 0.16755, 0.80290, -1.52468, 0.22271, 0.99409, -1.65803, 0.13487, 1.10262, -1.62801
-0.03320, 0.96919, -1.50596, 0.16869, 0.80477, -1.52401, 0.21957, 0.99465, -1.65622, 0.13187, 1.10378, -1.62705
-0.03207, 0.96928, -1.50567, 0.17049, 0.80680, -1.52383, 0.21558, 0.99511, -1.65444, 0.12798, 1.10496, -1.62587
-0.03087, 0.96937, -1.50501, 0.17249, 0.80898, -1.52391, 0.21091, 0.99549, -1.65267, 0.12322, 1.10610, -1.62455
-0.02976, 0.96962, -1.50364, 0.17407, 0.81125, -1.52412, 0.20528, 0.99569, -1.65100, 0.11724, 1.10714, -1.62306
-0.02871, 0.97009, -1.50141, 0.17492, 0.81361, -1.52434, 0.19865, 0.99566, -1.64939, 0.10984, 1.10807, -1.62141
-0.02792, 0.97051, -1.49879, 0.17564, 0.81606, -1.52474, 0.19134, 0.99553, -1.64792, 0.10142, 1.10887, -1.61968
-0.02765, 0.97070, -1.49593, 0.17628, 0.81859, -1.52542, 0.18338, 0.99533, -1.64670, 0.09194, 1.10952, -1.61760
-0.02811, 0.97036, -1.49297, 0.17715, 0.82129, -1.52639, 0.17483, 0.99515, -1.64571, 0.08132, 1.11007, -1.61504
-0.02918, 0.96971, -1.49011, 0.17817, 0.82406, -1.52773, 0.16583, 0.99495, -1.64502, 0.06989, 1.11041, -1.61233
-0.03104, 0.96883, -1.48745, 0.17903, 0.82687, -1.52963, 0.15618, 0.99477, -1.64475, 0.05773, 1.11053, -1.60958
-0.03358, 0.96774, -1.48528, 0.17988, 0.82968, -1.53230, 0.14595, 0.99457, -1.64505, 0.04509, 1.11026, -1.60725
-0.03710, 0.96649, -1.48357, 0.18054, 0.83244, -1.53570, 0.13506, 0.99439, -1.64590, 0.03189, 1.10971, -1.60519
-0.04180, 0.96510, -1.48230, 0.18119, 0.83514, -1.53960, 0.12391, 0.99430, -1.64715, 0.01851, 1.10899, -1.60331
-0.04851, 0.96346, -1.48183, 0.18173, 0.83760, -1.54404, 0.11265, 0.99432, -1.64881, 0.00493, 1.10826, -1.60162
-0.05764, 0.96151, -1.48229, 0.18219, 0.83979, -1.54913, 0.10122, 0.99446, -1.65089, -0.00882, 1.10751, -1.59999
-0.06715, 0.95948, -1.48275, 0.18315, 0.84194, -1.55460, 0.08974, 0.99463, -1.65328, -0.02270, 1.10667, -1.59846
-0.07559, 0.95751, -1.48243, 0.18525, 0.84426, -1.56021, 0.07823, 0.99488, -1.65589, -0.03663, 1.10572, -1.59697
-0.08140, 0.95581, -1.47997, 0.18945, 0.84713, -1.56572, 0.06642, 0.99513, -1.65868, -0.05093, 1.10460, -1.59533
-0.08536, 0.95440, -1.47698, 0.19468, 0.84990, -1.57148, 0.05489, 0.99530, -1.66160, -0.06494, 1.10322, -1.59376
-0.08769, 0.95338, -1.47469, 0.20000, 0.85196, -1.57806, 0.04404, 0.99523, -1.66460, -0.07807, 1.10138, -1.59241
-0.08773, 0.95274, -1.47516, 0.20492, 0.85234, -1.58688, 0.03426, 0.99452, -1.66769, -0.08981, 1.09859, -1.59134
-0.08594, 0.95264, -1.47769, 0.20896, 0.85110, -1.59760, 0.02579, 0.99332, -1.67072, -0.09989, 1.09507, -1.59066
-0.08302, 0.95338, -1.48093, 0.21187, 0.84860, -1.60945, 0.01899, 0.99193, -1.67339, -0.10793, 1.09119, -1.59019
-0.07929, 0.95563, -1.48355, 0.21236, 0.84458, -1.62252, 0.01427, 0.99054, -1.67546, -0.11354, 1.08722, -1.58986
-0.07506, 0.95963, -1.48510, 0.20982, 0.83899, -1.63644, 0.01217, 0.98915, -1.67666, -0.11611, 1.08324, -1.58952
-0.07165, 0.96414, -1.48636, 0.20515, 0.83293, -1.64905, 0.01232, 0.98804, -1.67716, -0.11575, 1.07969, -1.58943
-0.07060, 0.96838, -1.48772, 0.19851, 0.82722, -1.65807, 0.01499, 0.98744, -1.67669, -0.11168, 1.07697, -1.58960
-0.07461, 0.97166, -1.48918, 0.18965, 0.82315, -1.65993, 0.02084, 0.98790, -1.67491, -0.10258, 1.07584, -1.59006
-0.08091, 0.97423, -1.49109, 0.17946, 0.81997, -1.65743, 0.02927, 0.98895, -1.67229, -0.08976, 1.07569, -1.59113
-0.08777, 0.97592, -1.49386, 0.16840, 0.81725, -1.65214, 0.03998, 0.99042, -1.66912, -0.07402, 1.07629, -1.59305
-0.09324, 0.97574, -1.49877, 0.15674, 0.81469, -1.64455, 0.05348, 0.99239, -1.66553, -0.05492, 1.07771, -1.59649
-0.09777, 0.97467, -1.50532, 0.14521, 0.81233, -1.63529, 0.06921, 0.99469, -1.66162, -0.03330, 1.07978, -1.60127
-0.10255, 0.97447, -1.51233, 0.13445, 0.81014, -1.62516, 0.08635, 0.99711, -1.65776, -0.01042, 1.08223, -1.60712
-0.10814, 0.97713, -1.51947, 0.12543, 0.80768, -1.61579, 0.10438, 0.99934, -1.65433, 0.01272, 1.08480, -1.61392
-0.11445, 0.98346, -1.52652, 0.11854, 0.80461, -1.60834, 0.12282, 1.00113, -1.65147, 0.03551, 1.08731, -1.62145
-0.12018, 0.99125, -1.53386, 0.11385, 0.80157, -1.60230, 0.14154, 1.00243, -1.64907, 0.05816, 1.08983, -1.62971
-0.12453, 0.99913, -1.54215, 0.11190, 0.79879, -1.59830, 0.15987, 1.00305, -1.64715, 0.08040, 1.09239, -1.63863
-0.12662, 1.00548, -1.55317, 0.11393, 0.79638, -1.59785, 0.17691, 1.00256, -1.64587, 0.10180, 1.09491, -1.64829
-0.12682, 1.01087, -1.56648, 0.11898, 0.79398, -1.60028, 0.19364, 1.00114, -1.64495, 0.12257, 1.09722, -1.65827
-0.12521, 1.01538, -1.58203, 0.12654, 0.79135, -1.60548, 0.21062, 0.99869, -1.64429, 0.14266, 1.09909, -1.66803
-0.12114, 1.01867, -1.60137, 0.13691, 0.78779, -1.61470, 0.22909, 0.99458, -1.64390, 0.16225, 1.09999, -1.67668
-0.11496, 1.02096, -1.62342, 0.14971, 0.78365, -1.62694, 0.24842, 0.98913, -1.64369, 0.18076, 1.10016, -1.68455
-0.10706, 1.02271, -1.64643, 0.16464, 0.77962, -1.64080, 0.26752, 0.98296, -1.64351, 0.19709, 1.10008, -1.69262
-0.09745, 1.02423, -1.66873, 0.18181, 0.77643, -1.65511, 0.28528, 0.97656, -1.64316, 0.20982, 1.10015, -1.70174
-0.08596, 1.02571, -1.68911, 0.20125, 0.77450, -1.66894, 0.30109, 0.97033, -1.64255, 0.21810, 1.10062, -1.71254
-0.07314, 1.02700, -1.70748, 0.22166, 0.77339, -1.68215, 0.31491, 0.96436, -1.64171, 0.22243, 1.10117, -1.72472
-0.05907, 1.02817, -1.72286, 0.24228, 0.77306, -1.69391, 0.32655, 0.95899, -1.64064, 0.22273, 1.10175, -1.73879
-0.04389, 1.02928, -1.73326, 0.26149, 0.77372, -1.70291, 0.33522, 0.95478, -1.63923, 0.21811, 1.10233, -1.75546
-0.02806, 1.03019, -1.73938, 0.27970, 0.77526, -1.70949, 0.34060, 0.95167, -1.63755, 0.20900, 1.10271, -1.77385
-0.01223, 1.03069, -1.74089, 0.29655, 0.77783, -1.71309, 0.34175, 0.94993, -1.63561, 0.19507, 1.10290, -1.79316
0.00280, 1.03067, -1.73563, 0.31090, 0.78212, -1.71196, 0.33629, 0.95046, -1.63332, 0.17479, 1.10326, -1.81278
0.01683, 1.03014, -1.72440, 0.32270, 0.78782, -1.70666, 0.32513, 0.95283, -1.63100, 0.14934, 1.10318, -1.83247
0.02975, 1.02900, -1.70918, 0.33252, 0.79416, -1.69880, 0.31007, 0.95625, -1.62879, 0.12076, 1.10186, -1.85205
0.04160, 1.02680, -1.69068, 0.34096, 0.80053, -1.68873, 0.29174, 0.96062, -1.62696, 0.09029, 1.09884, -1.87113
0.05202, 1.02335, -1.66942, 0.34818, 0.80661, -1.67703, 0.27045, 0.96576, -1.62576, 0.05896, 1.09387, -1.88906
0.05975, 1.01950, -1.64642, 0.35328, 0.81276, -1.66533, 0.24673, 0.97110, -1.62519, 0.02739, 1.08726, -1.90528
0.06329, 1.01549, -1.62315, 0.35571, 0.81889, -1.65551, 0.22081, 0.97609, -1.62540, -0.00414, 1.07913, -1.91927
0.06043, 1.01127, -1.60210, 0.35482, 0.82451, -1.65043, 0.19277, 0.98001, -1.62652, -0.03566, 1.06934, -1.93081
0.05356, 1.00698, -1.58299, 0.35233, 0.82991, -1.64889, 0.16320, 0.98322, -1.62844, -0.06680, 1.05842, -1.93970
0.04447, 1.00271, -1.56644, 0.34960, 0.83519, -1.65068, 0.13287, 0.98563, -1.63125, -0.09716, 1.04655, -1.94574
0.03523, 0.99854, -1.55457, 0.34913, 0.84023, -1.65726, 0.10268, 0.98659, -1.63519, -0.12665, 1.03355, -1.94858
0.02551, 0.99431, -1.54684, 0.35047, 0.84496, -1.66794, 0.07279, 0.98639, -1.63998, -0.15530, 1.01960, -1.94848
0.01447, 0.98984, -1.54221, 0.35255, 0.84906, -1.68157, 0.04338, 0.98553, -1.64492, -0.18288, 1.00492, -1.94581
0.00177, 0.98470, -1.54110, 0.35526, 0.85220, -1.69859, 0.01467, 0.98409, -1.64946, -0.20925, 0.98940, -1.94034
-0.01292, 0.97870, -1.54385, 0.35833, 0.85391, -1.71948, -0.01287, 0.98205, -1.65330, -0.23419, 0.97291, -1.93205
-0.02979, 0.97249, -1.55014, 0.36059, 0.85376, -1.74384, -0.03857, 0.97975, -1.65696, -0.25756, 0.95580, -1.92184
-0.04979, 0.96664, -1.56046, 0.36008, 0.85089, -1.77277, -0.06168, 0.97745, -1.66098, -0.27908, 0.93829, -1.91013
-0.07449, 0.96176, -1.57649, 0.35388, 0.84359, -1.80883, -0.08069, 0.97517, -1.66598, -0.29805, 0.92032, -1.89701
-0.10152, 0.95764, -1.59441, 0.34425, 0.83423, -1.84679, -0.09602, 0.97325, -1.67102, -0.31452, 0.90243, -1.88254
-0.12881, 0.95425, -1.61059, 0.33233, 0.82458, -1.88212, -0.10721, 0.97206, -1.67536, -0.32778, 0.88525, -1.86653
-0.15383, 0.95195, -1.61923, 0.31894, 0.81682, -1.90902, -0.11316, 0.97251, -1.67806, -0.33661, 0.87006, -1.84784
-0.17591, 0.95076, -1.62100, 0.30396, 0.81081, -1.92719, -0.11390, 0.97432, -1.67917, -0.34088, 0.85679, -1.82709
-0.19496, 0.95072, -1.61870, 0.28701, 0.80586, -1.93749, -0.10945, 0.97706, -1.67918, -0.34020, 0.84505, -1.80539
-0.20935, 0.95220, -1.61252, 0.26841, 0.80243, -1.93649, -0.09826, 0.98111, -1.67767, -0.33186, 0.83511, -1.78266
-0.21839, 0.95550, -1.60266, 0.24931, 0.80069, -1.92253, -0.07979, 0.98670, -1.67458, -0.31501, 0.82726, -1.75964
-0.22458, 0.96017, -1.59085, 0.23034, 0.79967, -1.90087, -0.05762, 0.99314, -1.67103, -0.29462, 0.82145, -1.73938
-0.22923, 0.96578, -1.57877, 0.21156, 0.79825, -1.87391, -0.03393, 1.00015, -1.66778, -0.27325, 0.81806, -1.72530
-0.23388, 0.97167, -1.56891, 0.19185, 0.79470, -1.84329, -0.01102, 1.00757, -1.66562, -0.25335, 0.81786, -1.72247
-0.23832, 0.97854, -1.56003, 0.17328, 0.79074, -1.81138, 0.01212, 1.01522, -1.66421, -0.23347, 0.82047, -1.72615
-0.24258, 0.98682, -1.55177, 0.15743, 0.78743, -1.78121, 0.03589, 1.02283, -1.66328, -0.21263, 0.82595, -1.73328
-0.24782, 0.99738, -1.54441, 0.14567, 0.78578, -1.75847, 0.06012, 1.02994, -1.66316, -0.18928, 0.83587, -1.74138
-0.25303, 1.00947, -1.53813, 0.13745, 0.78549, -1.74220, 0.08488, 1.03637, -1.66346, -0.16327, 0.84857, -1.74986
-0.25695, 1.02175, -1.53353, 0.13157, 0.78572, -1.72937, 0.11038, 1.04176, -1.66369, -0.13577, 0.86098, -1.75900
-0.25823, 1.03293, -1.53276, 0.12741, 0.78586, -1.71898, 0.13678, 1.04529, -1.66324, -0.10795, 0.86971, -1.76872
-0.25616, 1.04213, -1.53760, 0.12522, 0.78545, -1.71089, 0.16423, 1.04634, -1.66181, -0.08110, 0.87304, -1.77898
-0.25236, 1.05004, -1.54610, 0.12584, 0.78456, -1.70571, 0.19134, 1.04548, -1.65968, -0.05618, 0.87401, -1.78899
-0.24770, 1.05659, -1.55816, 0.13013, 0.78298, -1.70485, 0.21685, 1.04245, -1.65695, -0.03453, 0.87373, -1.79784
-0.24324, 1.06147, -1.57443, 0.13949, 0.78018, -1.71103, 0.23903, 1.03638, -1.65360, -0.01852, 0.87283, -1.80387
-0.23724, 1.06510, -1.59345, 0.15376, 0.77672, -1.72120, 0.25919, 1.02868, -1.64958, -0.00501, 0.87204, -1.80886
-0.22813, 1.06763, -1.61435, 0.17353, 0.77287, -1.73347, 0.27794, 1.02034, -1.64478, 0.00794, 0.87217, -1.81429
-0.21257, 1.06877, -1.63735, 0.20244, 0.76850, -1.74641, 0.29617, 1.01224, -1.63844, 0.02325, 0.87450, -1.82248
-0.19183, 1.06886, -1.66132, 0.23819, 0.76419, -1.75906, 0.31333, 1.00462, -1.63117, 0.03949, 0.87864, -1.83256
-0.16864, 1.06855, -1.68395, 0.27631, 0.76104, -1.77011, 0.32822, 0.99787, -1.62383, 0.05385, 0.88357, -1.84270
-0.14402, 1.06873, -1.70186, 0.31317, 0.76078, -1.77663, 0.33954, 0.99336, -1.61690, 0.06422, 0.88897, -1.85154
-0.11900, 1.06988, -1.71269, 0.34601, 0.76438, -1.77688, 0.34625, 0.99194, -1.61073, 0.06936, 0.89458, -1.85835
-0.09443, 1.07096, -1.71841, 0.37559, 0.77020, -1.77330, 0.34883, 0.99235, -1.60521, 0.07030, 0.90014, -1.86392
-0.07172, 1.07156, -1.71833, 0.40069, 0.77785, -1.76642, 0.34633, 0.99455, -1.60053, 0.06675, 0.90556, -1.86824
-0.05258, 1.07130, -1.70994, 0.41914, 0.78739, -1.75563, 0.33718, 0.99902, -1.59710, 0.05767, 0.91109, -1.87119
-0.03651, 1.07031, -1.69653, 0.43286, 0.79786, -1.74238, 0.32339, 1.00471, -1.59448, 0.04500, 0.91621, -1.87286
-0.02350, 1.06854, -1.68042, 0.44345, 0.80837, -1.72772, 0.30636, 1.01087, -1.59252, 0.03023, 0.92068, -1.87319
-0.01443, 1.06508, -1.66413, 0.45277, 0.81740, -1.71256, 0.28653, 1.01686, -1.59090, 0.01453, 0.92416, -1.87147
-0.00883, 1.06038, -1.64809, 0.46048, 0.82541, -1.69762, 0.26426, 1.02251, -1.58987, -0.00190, 0.92667, -1.86796
-0.00589, 1.05529, -1.63215, 0.46553, 0.83337, -1.68345, 0.23997, 1.02794, -1.58986, -0.01886, 0.92842, -1.86331
-0.00564, 1.05001, -1.61795, 0.46672, 0.84151, -1.67185, 0.21374, 1.03275, -1.59131, -0.03606, 0.92920, -1.85773
-0.00819, 1.04466, -1.60643, 0.46386, 0.84994, -1.66384, 0.18580, 1.03683, -1.59448, -0.05326, 0.92902, -1.85140
-0.01288, 1.03928, -1.59635, 0.45899, 0.85826, -1.65885, 0.15680, 1.04008, -1.59908, -0.07029, 0.92810, -1.84426
-0.01915, 1.03376, -1.58781, 0.45388, 0.86624, -1.65723, 0.12771, 1.04212, -1.60510, -0.08651, 0.92626, -1.83623
-0.02656, 1.02784, -1.58165, 0.45050, 0.87363, -1.66023, 0.09946, 1.04205, -1.61308, -0.10107, 0.92301, -1.82717
-0.03618, 1.02198, -1.57747, 0.44786, 0.88004, -1.66717, 0.07133, 1.04045, -1.62185, -0.11520, 0.91857, -1.81719
-0.04937, 1.01659, -1.57549, 0.44544, 0.88494, -1.67850, 0.04228, 1.03741, -1.63064, -0.13006, 0.91279, -1.80629
-0.06834, 1.01227, -1.57726, 0.44402, 0.88708, -1.69641, 0.01061, 1.03210, -1.63812, -0.14712, 0.90461, -1.79418
-0.09257, 1.00869, -1.58246, 0.44275, 0.88642, -1.72036, -0.02248, 1.02511, -1.64448, -0.16603, 0.89429, -1.78146
-0.12084, 1.00542, -1.59010, 0.43993, 0.88330, -1.74907, -0.05490, 1.01758, -1.65035, -0.18559, 0.88250, -1.76880
-0.15332, 1.00223, -1.59995, 0.43219, 0.87714, -1.78381, -0.08487, 1.01015, -1.65637, -0.20486, 0.86949, -1.75688
-0.18977, 0.99909, -1.61133, 0.41761, 0.86792, -1.82449, -0.11124, 1.00342, -1.66278, -0.22329, 0.85560, -1.74598
-0.22716, 0.99602, -1.62243, 0.39961, 0.85717, -1.86663, -0.13378, 0.99764, -1.66879, -0.24127, 0.84173, -1.73598
-0.26282, 0.99300, -1.63135, 0.37977, 0.84586, -1.90683, -0.15134, 0.99342, -1.67388, -0.25879, 0.82908, -1.72670
-0.29324, 0.98991, -1.63527, 0.35968, 0.83502, -1.94105, -0.16196, 0.99190, -1.67746, -0.27547, 0.81953, -1.71797
-0.32018, 0.98761, -1.63515, 0.33650, 0.82450, -1.96913, -0.16644, 0.99210, -1.68007, -0.29076, 0.81236, -1.71004
-0.34404, 0.98711, -1.63036, 0.30795, 0.81476, -1.98916, -0.16463, 0.99380, -1.68193, -0.30393, 0.80777, -1.70313
-0.36437, 0.99035, -1.61751, 0.27087, 0.80690, -1.99545, -0.15466, 0.99782, -1.68293, -0.31364, 0.80730, -1.69759
-0.38082, 0.99669, -1.59825, 0.22805, 0.80093, -1.98951, -0.13791, 1.00329, -1.68329, -0.31984, 0.81029, -1.69328
-0.39341, 1.00432, -1.57679, 0.18433, 0.79606, -1.97534, -0.11674, 1.00890, -1.68324, -0.32272, 0.81514, -1.69016
-0.40239, 1.01162, -1.55753, 0.14333, 0.79102, -1.95454, -0.09255, 1.01408, -1.68255, -0.32199, 0.82079, -1.68851
-0.40850, 1.01784, -1.54294, 0.10689, 0.78514, -1.92893, -0.06639, 1.01864, -1.68118, -0.31765, 0.82656, -1.68858
-0.41179, 1.02458, -1.53034, 0.07545, 0.78020, -1.90125, -0.03859, 1.02269, -1.67933, -0.30944, 0.83295, -1.69040
-0.41221, 1.03285, -1.51902, 0.04994, 0.77741, -1.87493, -0.00973, 1.02619, -1.67723, -0.29668, 0.83991, -1.69436
-0.40914, 1.04374, -1.50880, 0.03137, 0.77822, -1.85459, 0.01953, 1.02898, -1.67510, -0.27774, 0.84730, -1.70126
-0.40294, 1.05582, -1.50008, 0.01863, 0.78098, -1.83736, 0.04949, 1.03126, -1.67250, -0.25463, 0.85488, -1.71019
-0.39402, 1.06797, -1.49404, 0.01102, 0.78464, -1.82233, 0.08034, 1.03279, -1.66924, -0.22874, 0.86223, -1.72060
-0.38220, 1.07909, -1.49339, 0.00759, 0.78843, -1.80999, 0.11237, 1.03264, -1.66509, -0.20089, 0.86840, -1.73208
-0.36759, 1.08909, -1.49786, 0.00970, 0.79172, -1.80031, 0.14535, 1.03094, -1.65997, -0.17150, 0.87366, -1.74423
-0.35045, 1.09806, -1.50618, 0.01984, 0.79387, -1.79356, 0.17872, 1.02823, -1.65395, -0.14110, 0.87863, -1.75669
-0.33040, 1.10556, -1.51916, 0.04323, 0.79326, -1.79181, 0.21239, 1.02425, -1.64664, -0.10938, 0.88342, -1.76884
-0.30731, 1.11123, -1.53735, 0.08202, 0.78923, -1.79612, 0.24601, 1.01885, -1.63794, -0.07690, 0.88802, -1.78024
-0.28252, 1.11557, -1.55881, 0.12828, 0.78401, -1.80388, 0.27830, 1.01269, -1.62868, -0.04567, 0.89272, -1.79128
-0.25681, 1.11845, -1.58310, 0.17753, 0.77892, -1.81396, 0.30769, 1.00611, -1.61925, -0.01771, 0.89767, -1.80209
-0.23066, 1.11952, -1.61022, 0.22560, 0.77545, -1.82561, 0.33227, 0.99950, -1.61000, 0.00463, 0.90310, -1.81281
-0.20434, 1.11943, -1.63723, 0.27344, 0.77324, -1.83675, 0.35232, 0.99331, -1.60062, 0.02206, 0.90884, -1.82310
-0.17806, 1.11880, -1.66091, 0.32097, 0.77246, -1.84487, 0.36754, 0.98836, -1.59093, 0.03455, 0.91487, -1.83285
-0.15183, 1.11853, -1.67517, 0.36692, 0.77407, -1.84481, 0.37550, 0.98656, -1.57985, 0.04089, 0.92154, -1.84176
-0.12638, 1.11851, -1.68062, 0.40988, 0.77804, -1.83692, 0.37698, 0.98770, -1.56800, 0.04166, 0.92865, -1.85019
-0.10292, 1.11802, -1.68008, 0.44872, 0.78400, -1.82329, 0.37346, 0.99098, -1.55639, 0.03784, 0.93583, -1.85835
-0.08337, 1.11659, -1.67291, 0.48058, 0.79235, -1.80350, 0.36484, 0.99720, -1.54596, 0.02909, 0.94337, -1.86598
-0.06864, 1.11403, -1.65921, 0.50389, 0.80313, -1.77776, 0.35126, 1.00666, -1.53717, 0.01560, 0.95137, -1.87314
-0.05651, 1.11087, -1.64180, 0.52122, 0.81532, -1.74881, 0.33427, 1.01781, -1.52969, -0.00131, 0.95906, -1.88088
-0.04598, 1.10706, -1.62323, 0.53444, 0.82793, -1.71873, 0.31499, 1.02993, -1.52356, -0.02079, 0.96610, -1.89025
-0.03593, 1.10209, -1.60665, 0.54583, 0.83970, -1.68974, 0.29451, 1.04248, -1.51889, -0.04245, 0.97214, -1.90289
-0.02734, 1.09676, -1.59003, 0.55394, 0.85137, -1.66214, 0.27195, 1.05502, -1.51557, -0.06583, 0.97697, -1.91701
-0.02133, 1.09150, -1.57295, 0.55787, 0.86315, -1.63672, 0.24698, 1.06702, -1.51362, -0.09060, 0.98046, -1.93149
-0.01993, 1.08636, -1.55644, 0.55591, 0.87498, -1.61585, 0.21885, 1.07748, -1.51342, -0.11705, 0.98230, -1.94512
-0.02318, 1.08132, -1.54084, 0.54896, 0.88644, -1.59991, 0.18785, 1.08620, -1.51480, -0.14455, 0.98271, -1.95769
-0.03051, 1.07620, -1.52652, 0.53870, 0.89675, -1.58904, 0.15433, 1.09295, -1.51757, -0.17227, 0.98187, -1.96899
-0.04286, 1.07037, -1.51500, 0.52573, 0.90471, -1.58581, 0.11750, 1.09621, -1.52202, -0.20000, 0.97929, -1.97843
-0.06046, 1.06360, -1.50762, 0.51107, 0.90968, -1.59160, 0.07764, 1.09523, -1.52811, -0.22727, 0.97477, -1.98574
-0.08119, 1.05671, -1.50367, 0.49688, 0.91271, -1.60342, 0.03813, 1.09148, -1.53471, -0.25266, 0.96879, -1.99100
-0.10322, 1.05034, -1.50390, 0.48614, 0.91417, -1.62013, 0.00190, 1.08519, -1.54089, -0.27408, 0.96130, -1.99426
-0.12450, 1.04519, -1.51045, 0.48335, 0.91405, -1.64161, -0.02739, 1.07555, -1.54562, -0.28859, 0.95157, -1.99525
-0.14598, 1.04139, -1.51957, 0.48347, 0.91250, -1.66650, -0.05168, 1.06491, -1.54931, -0.29839, 0.94070, -1.99391
-0.16811, 1.03944, -1.52858, 0.48278, 0.90925, -1.69476, -0.07136, 1.05489, -1.55216, -0.30472, 0.92926, -1.98990
-0.19108, 1.04122, -1.53337, 0.47611, 0.90355, -1.72803, -0.08569, 1.04770, -1.55426, -0.30791, 0.91798, -1.98237
-0.21383, 1.04538, -1.53406, 0.46374, 0.89595, -1.76420, -0.09414, 1.04321, -1.55573, -0.30818, 0.90683, -1.97171
-0.23487, 1.04951, -1.53191, 0.44757, 0.88749, -1.79917, -0.09622, 1.04090, -1.55639, -0.30527, 0.89594, -1.95869
-0.25271, 1.05105, -1.52709, 0.42731, 0.87920, -1.82819, -0.08913, 1.04152, -1.55580, -0.29795, 0.88624, -1.94323
-0.26723, 1.04925, -1.51951, 0.40237, 0.87189, -1.84777, -0.07192, 1.04528, -1.55396, -0.28582, 0.87835, -1.92541
-0.27959, 1.04746, -1.50941, 0.37332, 0.86528, -1.85940, -0.04867, 1.05070, -1.55207, -0.27102, 0.87130, -1.90641
-0.28974, 1.04799, -1.49625, 0.34055, 0.85928, -1.86127, -0.02153, 1.05756, -1.55069, -0.25432, 0.86523, -1.88680
-0.29690, 1.05364, -1.47904, 0.30468, 0.85347, -1.84964, 0.00765, 1.06664, -1.55009, -0.23591, 0.86090, -1.86710
-0.30167, 1.06218, -1.45952, 0.26831, 0.84861, -1.82980, 0.03814, 1.07679, -1.55040, -0.21648, 0.85754, -1.84746
-0.30466, 1.07225, -1.43941, 0.23336, 0.84522, -1.80597, 0.06866, 1.08739, -1.55167, -0.19652, 0.85474, -1.82789
-0.30685, 1.08245, -1.42133, 0.20108, 0.84362, -1.78303, 0.09657, 1.09845, -1.55414, -0.17660, 0.85253, -1.80775
-0.30854, 1.09271, -1.40524, 0.17206, 0.84374, -1.76137, 0.12203, 1.10970, -1.55746, -0.15618, 0.85059, -1.78824
-0.30969, 1.10330, -1.39053, 0.14702, 0.84529, -1.74081, 0.14599, 1.12025, -1.56148, -0.13477, 0.84798, -1.77163
-0.31046, 1.11410, -1.37798, 0.12708, 0.84828, -1.72351, 0.16840, 1.12862, -1.56625, -0.11145, 0.84273, -1.76104
-0.31088, 1.12487, -1.36836, 0.11319, 0.85232, -1.71126, 0.18898, 1.13388, -1.57171, -0.08615, 0.83412, -1.75779
-0.31023, 1.13507, -1.36129, 0.10588, 0.85609, -1.70231, 0.20785, 1.13708, -1.57650, -0.06035, 0.82542, -1.75793
-0.30786, 1.14412, -1.35769, 0.10744, 0.85812, -1.69723, 0.22502, 1.13810, -1.57951, -0.03454, 0.81918, -1.75971
-0.30274, 1.15116, -1.35968, 0.12254, 0.85622, -1.69774, 0.24075, 1.13605, -1.57921, -0.00883, 0.81884, -1.76193
-0.29547, 1.15673, -1.36474, 0.14519, 0.85266, -1.70088, 0.25449, 1.13239, -1.57647, 0.01689, 0.82185, -1.76479
-0.28626, 1.16099, -1.37136, 0.17112, 0.84915, -1.70460, 0.26546, 1.12791, -1.57168, 0.04240, 0.82663, -1.76832
-0.27480, 1.16382, -1.37789, 0.19564, 0.84786, -1.70637, 0.27201, 1.12313, -1.56457, 0.06768, 0.83203, -1.77302
-0.26156, 1.16528, -1.38400, 0.21878, 0.84865, -1.70562, 0.27423, 1.11860, -1.55553, 0.09121, 0.83768, -1.77800
-0.24753, 1.16550, -1.38961, 0.24206, 0.85056, -1.70213, 0.27231, 1.11500, -1.54506, 0.11048, 0.84315, -1.78166
-0.23345, 1.16417, -1.39385, 0.26603, 0.85338, -1.69415, 0.26451, 1.11351, -1.53297, 0.12112, 0.84701, -1.78141
-0.21984, 1.16127, -1.39592, 0.29043, 0.85723, -1.68075, 0.24978, 1.11475, -1.51942, 0.12140, 0.84849, -1.77606
-0.20651, 1.15754, -1.39596, 0.31386, 0.86229, -1.66363, 0.23094, 1.11771, -1.50561, 0.11681, 0.84984, -1.76920
-0.19349, 1.15342, -1.39363, 0.33531, 0.86890, -1.64331, 0.20906, 1.12258, -1.49222, 0.11008, 0.85311, -1.76300
-0.18123, 1.14904, -1.38839, 0.35351, 0.87748, -1.61982, 0.18442, 1.13047, -1.48005, 0.10323, 0.86136, -1.76026
-0.16964, 1.14505, -1.38045, 0.36951, 0.88755, -1.59439, 0.15835, 1.13979, -1.46877, 0.09559, 0.87184, -1.75974
-0.15888, 1.14204, -1.37018, 0.38417, 0.89877, -1.56806, 0.13247, 1.14975, -1.45802, 0.08737, 0.88284, -1.76092
-0.14962, 1.14107, -1.35766, 0.39891, 0.91112, -1.54137, 0.10959, 1.16039, -1.44731, 0.08005, 0.89333, -1.76426
-0.14251, 1.14164, -1.34417, 0.41305, 0.92401, -1.51561, 0.08923, 1.17105, -1.43679, 0.07307, 0.90253, -1.76882
-0.13837, 1.14282, -1.33080, 0.42488, 0.93656, -1.49259, 0.06964, 1.18072, -1.42695, 0.06480, 0.90962, -1.77288
-0.13925, 1.14417, -1.31883, 0.43301, 0.94774, -1.47580, 0.05012, 1.18835, -1.41854, 0.05333, 0.91303, -1.77472
-0.14611, 1.14511, -1.30915, 0.43640, 0.95679, -1.46715, 0.03040, 1.19330, -1.41191, 0.03772, 0.91206, -1.77312
-0.15572, 1.14475, -1.30162, 0.43485, 0.96358, -1.46422, 0.01133, 1.19605, -1.40670, 0.02021, 0.90854, -1.76847
-0.16578, 1.14168, -1.29716, 0.42698, 0.96720, -1.46754, -0.00640, 1.19587, -1.40320, 0.00163, 0.90281, -1.76008
-0.17391, 1.13339, -1.29794, 0.40931, 0.96574, -1.47977, -0.02229, 1.19077, -1.40216, -0.01798, 0.89427, -1.74613
-0.18230, 1.12291, -1.30113, 0.38679, 0.96157, -1.49619, -0.03565, 1.18359, -1.40298, -0.03643, 0.88450, -1.72947
-0.19202, 1.11266, -1.30458, 0.36303, 0.95627, -1.51299, -0.04510, 1.17642, -1.40516, -0.05085, 0.87493, -1.71210
-0.20378, 1.10648, -1.30458, 0.34242, 0.95141, -1.52455, -0.04739, 1.17211, -1.40850, -0.05503, 0.86793, -1.69572
-0.21653, 1.10369, -1.30147, 0.32431, 0.94702, -1.53140, -0.04363, 1.17019, -1.41278, -0.05160, 0.86336, -1.68054
-0.22877, 1.10205, -1.29704, 0.30653, 0.94254, -1.53571, -0.03624, 1.16937, -1.41766, -0.04588, 0.86037, -1.66628
-0.23934, 1.10000, -1.29191, 0.28740, 0.93764, -1.53821, -0.02641, 1.16915, -1.42277, -0.04181, 0.85949, -1.65324
-0.24777, 1.09669, -1.28675, 0.26628, 0.93233, -1.53917, -0.01500, 1.16932, -1.42796, -0.04138, 0.86105, -1.64162
-0.25507, 1.09304, -1.28266, 0.24528, 0.92759, -1.53858, -0.00262, 1.16994, -1.43402, -0.04294, 0.86440, -1.63178
-0.26171, 1.08953, -1.28033, 0.22591, 0.92426, -1.53615, 0.00964, 1.17170, -1.44150, -0.04694, 0.87007, -1.62458
-0.26827, 1.08665, -1.28037, 0.21012, 0.92363, -1.53130, 0.02050, 1.17624, -1.45108, -0.05536, 0.87957, -1.62155
-0.27467, 1.08398, -1.28326, 0.19697, 0.92438, -1.52584, 0.03077, 1.18152, -1.46199, -0.06522, 0.89095, -1.62036
-0.28049, 1.08129, -1.28991, 0.18630, 0.92575, -1.52117, 0.04091, 1.18605, -1.47362, -0.07434, 0.90264, -1.61959
-0.28547, 1.07854, -1.30208, 0.17806, 0.92726, -1.51939, 0.05051, 1.18832, -1.48552, -0.08069, 0.91305, -1.61814
-0.28882, 1.07520, -1.32008, 0.17294, 0.92845, -1.51984, 0.06025, 1.18817, -1.49646, -0.08350, 0.92129, -1.61575
-0.28922, 1.07048, -1.34391, 0.17227, 0.92870, -1.52097, 0.07166, 1.18562, -1.50466, -0.08198, 0.92640, -1.61261
-0.28376, 1.06295, -1.37584, 0.17939, 0.92658, -1.52208, 0.08749, 1.17907, -1.50688, -0.07244, 0.92537, -1.60805
-0.27142, 1.05180, -1.41650, 0.19519, 0.92145, -1.52292, 0.10831, 1.16792, -1.50200, -0.05424, 0.91703, -1.60206
-0.25606, 1.03881, -1.46116, 0.21415, 0.91562, -1.52291, 0.12910, 1.15517, -1.49479, -0.03389, 0.90607, -1.59668
-0.24011, 1.02469, -1.50687, 0.23223, 0.91051, -1.52127, 0.14589, 1.14284, -1.48798, -0.01628, 0.89508, -1.59369
-0.22640, 1.00992, -1.55077, 0.24437, 0.90785, -1.51690, 0.15330, 1.13315, -1.48431, -0.00722, 0.88647, -1.59541
-0.21290, 0.99487, -1.59201, 0.25436, 0.90726, -1.51031, 0.15614, 1.12572, -1.48230, -0.00239, 0.88028, -1.59971
-0.19832, 0.98027, -1.62931, 0.26465, 0.90898, -1.50127, 0.15709, 1.12101, -1.48118, 0.00059, 0.87752, -1.60550
-0.18139, 0.96778, -1.66028, 0.27805, 0.91452, -1.48824, 0.15832, 1.12100, -1.48072, 0.00292, 0.88141, -1.61251
-0.16261, 0.95706, -1.68638, 0.29393, 0.92285, -1.47230, 0.16032, 1.12440, -1.48076, 0.00474, 0.89007, -1.62031
-0.14355, 0.94720, -1.71013, 0.31049, 0.93201, -1.45577, 0.16318, 1.12888, -1.48102, 0.00584, 0.90005, -1.62823
-0.12615, 0.93786, -1.73389, 0.32688, 0.94016, -1.44066, 0.16806, 1.13288, -1.48051, 0.00635, 0.90894, -1.63486
-0.11158, 0.92888, -1.75876, 0.34275, 0.94646, -1.42816, 0.17573, 1.13576, -1.47890, 0.00699, 0.91559, -1.63954
-0.09932, 0.92027, -1.78226, 0.35720, 0.95225, -1.41732, 0.18362, 1.13805, -1.47874, 0.00836, 0.92115, -1.64355
-0.08949, 0.91228, -1.80273, 0.36914, 0.95839, -1.40821, 0.19000, 1.13994, -1.48231, 0.01175, 0.92602, -1.64760
-0.08225, 0.90532, -1.81799, 0.37714, 0.96583, -1.40106, 0.19295, 1.14162, -1.49271, 0.01977, 0.93045, -1.65268
-0.07856, 0.89866, -1.82938, 0.38216, 0.97347, -1.39556, 0.19410, 1.14231, -1.50773, 0.02914, 0.93439, -1.65757
-0.07991, 0.89159, -1.83741, 0.38436, 0.98032, -1.39166, 0.19448, 1.14115, -1.52622, 0.03688, 0.93753, -1.66135
-0.08992, 0.88286, -1.84194, 0.38272, 0.98490, -1.39008, 0.19477, 1.13634, -1.54763, 0.03859, 0.93908, -1.66273
-0.10727, 0.87295, -1.84309, 0.37803, 0.98762, -1.39056, 0.19460, 1.12850, -1.57129, 0.03507, 0.93953, -1.66200
-0.12891, 0.86292, -1.84112, 0.37177, 0.98944, -1.39229, 0.19350, 1.11905, -1.59685, 0.02916, 0.93994, -1.66007
-0.15386, 0.85353, -1.83570, 0.36458, 0.99082, -1.39505, 0.19040, 1.10878, -1.62454, 0.02199, 0.94126, -1.65710
-0.18086, 0.84526, -1.82670, 0.35716, 0.99207, -1.39853, 0.18495, 1.09817, -1.65423, 0.01448, 0.94405, -1.65338
-0.20819, 0.83786, -1.81551, 0.34971, 0.99316, -1.40302, 0.17838, 1.08675, -1.68432, 0.00728, 0.94744, -1.64918
-0.23404, 0.83147, -1.80299, 0.34269, 0.99431, -1.40853, 0.17163, 1.07466, -1.71397, 0.00123, 0.95132, -1.64502
-0.25625, 0.82644, -1.79052, 0.33690, 0.99577, -1.41541, 0.16612, 1.06218, -1.74249, -0.00231, 0.95575, -1.64163
-0.27578, 0.82206, -1.77683, 0.33156, 0.99724, -1.42304, 0.16068, 1.04886, -1.76922, -0.00447, 0.96005, -1.63801
-0.29282, 0.81777, -1.76072, 0.32621, 0.99845, -1.43089, 0.15464, 1.03440, -1.79359, -0.00616, 0.96377, -1.63342
-0.30682, 0.81253, -1.73907, 0.31986, 0.99914, -1.43846, 0.14691, 1.01809, -1.81447, -0.00840, 0.96623, -1.62676
-0.31813, 0.80656, -1.71445, 0.31311, 0.99929, -1.44561, 0.13822, 1.00045, -1.83136, -0.01096, 0.96733, -1.61835
-0.32762, 0.80050, -1.69145, 0.30677, 0.99893, -1.45250, 0.12951, 0.98226, -1.84406, -0.01335, 0.96703, -1.60886
-0.33592, 0.79492, -1.67504, 0.30176, 0.99765, -1.45925, 0.12225, 0.96388, -1.85155, -0.01504, 0.96454, -1.59828
-0.34313, 0.79031, -1.66753, 0.29866, 0.99541, -1.46566, 0.11717, 0.94568, -1.85378, -0.01586, 0.95973, -1.58690
-0.34818, 0.78688, -1.66500, 0.29730, 0.99323, -1.47156, 0.11347, 0.92830, -1.85297, -0.01618, 0.95428, -1.57603
-0.34969, 0.78522, -1.66616, 0.29807, 0.99208, -1.47635, 0.11108, 0.91252, -1.85043, -0.01593, 0.94959, -1.56677
-0.34554, 0.78638, -1.67084, 0.30197, 0.99304, -1.47967, 0.11040, 0.89951, -1.84733, -0.01482, 0.94720, -1.56060
-0.33834, 0.78903, -1.67702, 0.30742, 0.99537, -1.48161, 0.11050, 0.88826, -1.84345, -0.01371, 0.94611, -1.55642
-0.33013, 0.79210, -1.68310, 0.31308, 0.99865, -1.48223, 0.11057, 0.87815, -1.83849, -0.01362, 0.94569, -1.55366
-0.32340, 0.79434, -1.68682, 0.31741, 1.00275, -1.48118, 0.10934, 0.86886, -1.83200, -0.01592, 0.94542, -1.55225
-0.31755, 0.79578, -1.68858, 0.32070, 1.00747, -1.47869, 0.10721, 0.86020, -1.82426, -0.02012, 0.94532, -1.55206
-0.31105, 0.79678, -1.68969, 0.32378, 1.01257, -1.47516, 0.10499, 0.85205, -1.81588, -0.02542, 0.94561, -1.55278
-0.30204, 0.79706, -1.69084, 0.32746, 1.01787, -1.47094, 0.10353, 0.84417, -1.80707, -0.03129, 0.94653, -1.55438
-0.28985, 0.79665, -1.69236, 0.33197, 1.02323, -1.46622, 0.10308, 0.83644, -1.79820, -0.03760, 0.94813, -1.55679
-0.27665, 0.79646, -1.69349, 0.33682, 1.02864, -1.46077, 0.10309, 0.82899, -1.78962, -0.04406, 0.95020, -1.55953
-0.26400, 0.79725, -1.69400, 0.34173, 1.03404, -1.45450, 0.10335, 0.82183, -1.78186, -0.05037, 0.95262, -1.56212
-0.25398, 0.79996, -1.69359, 0.34658, 1.03931, -1.44733, 0.10359, 0.81491, -1.77569, -0.05637, 0.95537, -1.56407
-0.24522, 0.80378, -1.69250, 0.35132, 1.04449, -1.43949, 0.10375, 0.80834, -1.77073, -0.06176, 0.95837, -1.56567
-0.23687, 0.80816, -1.69092, 0.35598, 1.04968, -1.43108, 0.10371, 0.80219, -1.76696, -0.06608, 0.96144, -1.56725
-0.22811, 0.81257, -1.68888, 0.36036, 1.05495, -1.42214, 0.10300, 0.79647, -1.76485, -0.06852, 0.96441, -1.56904
-0.21903, 0.81711, -1.68636, 0.36459, 1.06032, -1.41283, 0.10176, 0.79132, -1.76414, -0.06923, 0.96743, -1.57088
-0.21019, 0.82203, -1.68334, 0.36875, 1.06569, -1.40338, 0.10027, 0.78698, -1.76446, -0.06873, 0.97085, -1.57241
-0.20212, 0.82764, -1.67968, 0.37269, 1.07120, -1.39389, 0.09863, 0.78383, -1.76588, -0.06732, 0.97509, -1.57301
-0.19494, 0.83408, -1.67528, 0.37653, 1.07686, -1.38439, 0.09682, 0.78218, -1.76835, -0.06503, 0.98037, -1.57249
-0.18863, 0.84071, -1.67044, 0.37994, 1.08206, -1.37591, 0.09457, 0.78122, -1.77111, -0.06254, 0.98588, -1.57116
-0.18340, 0.84715, -1.66528, 0.38274, 1.08633, -1.36944, 0.09152, 0.78057, -1.77364, -0.06056, 0.99109, -1.56924
-0.17949, 0.85292, -1.65999, 0.38454, 1.08900, -1.36624, 0.08705, 0.77979, -1.77521, -0.05982, 0.99532, -1.56680
-0.17651, 0.85818, -1.65460, 0.38553, 1.09043, -1.36561, 0.08203, 0.77911, -1.77616, -0.05983, 0.99899, -1.56394
-0.17416, 0.86300, -1.64904, 0.38582, 1.09063, -1.36729, 0.07697, 0.77871, -1.77651, -0.06027, 1.00227, -1.56054
-0.17223, 0.86730, -1.64333, 0.38530, 1.08932, -1.37115, 0.07266, 0.77878, -1.77620, -0.06110, 1.00525, -1.55666
-0.17073, 0.87112, -1.63765, 0.38411, 1.08667, -1.37739, 0.06899, 0.77924, -1.77539, -0.06230, 1.00799, -1.55239
-0.16956, 0.87469, -1.63188, 0.38275, 1.08304, -1.38611, 0.06584, 0.78014, -1.77441, -0.06358, 1.01069, -1.54786
-0.16862, 0.87813, -1.62607, 0.38202, 1.07858, -1.39794, 0.06334, 0.78154, -1.77355, -0.06488, 1.01363, -1.54322
-0.16786, 0.88152, -1.62025, 0.38211, 1.07333, -1.41318, 0.06154, 0.78351, -1.77302, -0.06607, 1.01691, -1.53861
-0.16738, 0.88487, -1.61439, 0.38172, 1.06740, -1.43017, 0.06007, 0.78577, -1.77247, -0.06707, 1.02042, -1.53400
-0.16723, 0.88813, -1.60873, 0.37994, 1.06083, -1.44788, 0.05879, 0.78817, -1.77179, -0.06769, 1.02401, -1.52942
-0.16773, 0.89130, -1.60319, 0.37530, 1.05382, -1.46511, 0.05735, 0.79063, -1.77089, -0.06781, 1.02780, -1.52503
-0.16834, 0.89444, -1.59787, 0.36878, 1.04639, -1.48239, 0.05613, 0.79313, -1.76964, -0.06739, 1.03166, -1.52075
-0.16879, 0.89760, -1.59260, 0.36079, 1.03861, -1.49975, 0.05536, 0.79580, -1.76800, -0.06633, 1.03558, -1.51653
-0.16872, 0.90080, -1.58757, 0.35120, 1.03065, -1.51745, 0.05529, 0.79865, -1.76581, -0.06463, 1.03936, -1.51247
-0.16811, 0.90409, -1.58261, 0.34042, 1.02244, -1.53532, 0.05600, 0.80170, -1.76300, -0.06221, 1.04313, -1.50852
-0.16719, 0.90737, -1.57778, 0.32869, 1.01372, -1.55341, 0.05708, 0.80477, -1.75957, -0.05928, 1.04693, -1.50474
-0.16598, 0.91065, -1.57298, 0.31650, 1.00425, -1.57182, 0.05851, 0.80767, -1.75513, -0.05566, 1.05085, -1.50115
-0.16459, 0.91393, -1.56825, 0.30397, 0.99390, -1.59059, 0.06015, 0.81033, -1.74970, -0.05149, 1.05493, -1.49779
-0.16298, 0.91720, -1.56356, 0.29094, 0.98273, -1.60929, 0.06185, 0.81270, -1.74396, -0.04701, 1.05896, -1.49460
-0.16112, 0.92055, -1.55893, 0.27732, 0.97076, -1.62760, 0.06342, 0.81472, -1.73848, -0.04227, 1.06302, -1.49165
-0.15911, 0.92397, -1.55429, 0.26288, 0.95782, -1.64542, 0.06439, 0.81612, -1.73398, -0.03768, 1.06688, -1.48894
-0.15676, 0.92746, -1.54970, 0.24814, 0.94416, -1.66229, 0.06543, 0.81727, -1.73002, -0.03289, 1.07073, -1.48652
-0.15433, 0.93097, -1.54516, 0.23318, 0.92993, -1.67803, 0.06667, 0.81847, -1.72640, -0.02812, 1.07462, -1.48419
-0.15174, 0.93452, -1.54057, 0.21828, 0.91529, -1.69233, 0.06874, 0.82018, -1.72303, -0.02315, 1.07880, -1.48195
-0.14891, 0.93806, -1.53606, 0.20374, 0.90034, -1.70531, 0.07148, 0.82227, -1.71991, -0.01803, 1.08317, -1.47989
-0.14571, 0.94163, -1.53145, 0.18980, 0.88540, -1.71691, 0.07435, 0.82467, -1.71704, -0.01279, 1.08776, -1.47796
