base_lf1, lf1_lf2, lf2_lf3, base_rf1, rf1_rf2, rf2_rf3, base_rb1, rb1_rb2, rb2_rb3, base_lb1, lb1_lb2, lb2_lb3
-0.02002, 1.31505, -1.30307, 0.05460, 1.16045, -1.31445, 0.03540, 1.03571, -2.57969, -0.11933, 1.01012, -2.55971
-0.01756, 1.31500, -1.30677, 0.05512, 1.16072, -1.31828, 0.02623, 1.03320, -2.58979, -0.11529, 1.00823, -2.56770
-0.01530, 1.31491, -1.31074, 0.05602, 1.16094, -1.32205, 0.01698, 1.03081, -2.59998, -0.11197, 1.00620, -2.57544
-0.01325, 1.31484, -1.31490, 0.05737, 1.16110, -1.32579, 0.00771, 1.02850, -2.61026, -0.10909, 1.00406, -2.58297
-0.01121, 1.31471, -1.31922, 0.05907, 1.16120, -1.32955, -0.00121, 1.02616, -2.62040, -0.10616, 1.00186, -2.59026
-0.00915, 1.31458, -1.32369, 0.06134, 1.16119, -1.33345, -0.00914, 1.02375, -2.63034, -0.10264, 0.99953, -2.59723
-0.00696, 1.31451, -1.32810, 0.06399, 1.16109, -1.33739, -0.01609, 1.02123, -2.64008, -0.09836, 0.99712, -2.60401
-0.00488, 1.31437, -1.33260, 0.06690, 1.16092, -1.34132, -0.02267, 1.01871, -2.64938, -0.09370, 0.99471, -2.61045
-0.00294, 1.31415, -1.33709, 0.06982, 1.16072, -1.34507, -0.02902, 1.01633, -2.65815, -0.08895, 0.99234, -2.61658
-0.00118, 1.31374, -1.34159, 0.07250, 1.16054, -1.34852, -0.03577, 1.01417, -2.66628, -0.08433, 0.99010, -2.62243
0.00026, 1.31321, -1.34595, 0.07493, 1.16030, -1.35176, -0.04246, 1.01214, -2.67367, -0.07987, 0.98796, -2.62794
0.00151, 1.31249, -1.35029, 0.07726, 1.16002, -1.35477, -0.04886, 1.01024, -2.68034, -0.07557, 0.98591, -2.63299
0.00250, 1.31152, -1.35455, 0.07926, 1.15969, -1.35755, -0.05449, 1.00838, -2.68602, -0.07163, 0.98395, -2.63755
0.00319, 1.31034, -1.35865, 0.08105, 1.15927, -1.36015, -0.05954, 1.00663, -2.69084, -0.06793, 0.98210, -2.64161
0.00366, 1.30902, -1.36250, 0.08267, 1.15874, -1.36258, -0.06398, 1.00495, -2.69493, -0.06453, 0.98038, -2.64524
0.00402, 1.30764, -1.36609, 0.08433, 1.15804, -1.36498, -0.06757, 1.00335, -2.69844, -0.06140, 0.97876, -2.64832
0.00429, 1.30624, -1.36930, 0.08601, 1.15717, -1.36721, -0.07039, 1.00184, -2.70131, -0.05851, 0.97725, -2.65086
0.00433, 1.30478, -1.37215, 0.08754, 1.15615, -1.36937, -0.07270, 1.00047, -2.70357, -0.05607, 0.97588, -2.65296
0.00410, 1.30332, -1.37470, 0.08887, 1.15504, -1.37141, -0.07462, 0.99932, -2.70531, -0.05423, 0.97463, -2.65464
0.00339, 1.30187, -1.37681, 0.08972, 1.15383, -1.37321, -0.07657, 0.99849, -2.70637, -0.05326, 0.97352, -2.65595
0.00246, 1.30042, -1.37854, 0.09040, 1.15263, -1.37493, -0.07792, 0.99785, -2.70688, -0.05294, 0.97254, -2.65682
0.00127, 1.29890, -1.37992, 0.09095, 1.15144, -1.37676, -0.07830, 0.99727, -2.70687, -0.05300, 0.97168, -2.65731
-0.00005, 1.29739, -1.38076, 0.09149, 1.15039, -1.37876, -0.07702, 0.99661, -2.70624, -0.05330, 0.97104, -2.65739
-0.00145, 1.29586, -1.38121, 0.09218, 1.14951, -1.38106, -0.07420, 0.99592, -2.70510, -0.05394, 0.97052, -2.65697
-0.00293, 1.29428, -1.38142, 0.09291, 1.14874, -1.38382, -0.07065, 0.99520, -2.70349, -0.05494, 0.97010, -2.65622
-0.00433, 1.29271, -1.38127, 0.09384, 1.14817, -1.38722, -0.06664, 0.99450, -2.70144, -0.05617, 0.96978, -2.65511
-0.00556, 1.29110, -1.38096, 0.09511, 1.14780, -1.39144, -0.06248, 0.99383, -2.69899, -0.05775, 0.96949, -2.65357
-0.00682, 1.28951, -1.38049, 0.09667, 1.14774, -1.39631, -0.05842, 0.99322, -2.69628, -0.05977, 0.96926, -2.65179
-0.00794, 1.28798, -1.37991, 0.09881, 1.14812, -1.40191, -0.05462, 0.99269, -2.69342, -0.06227, 0.96904, -2.64978
-0.00898, 1.28654, -1.37928, 0.10187, 1.14911, -1.40847, -0.05150, 0.99232, -2.69050, -0.06524, 0.96886, -2.64764
-0.00987, 1.28513, -1.37852, 0.10551, 1.15069, -1.41556, -0.04865, 0.99203, -2.68757, -0.06879, 0.96864, -2.64533
-0.01061, 1.28378, -1.37759, 0.10946, 1.15298, -1.42280, -0.04578, 0.99180, -2.68469, -0.07301, 0.96838, -2.64293
-0.01122, 1.28242, -1.37635, 0.11345, 1.15620, -1.43005, -0.04253, 0.99156, -2.68204, -0.07814, 0.96808, -2.64052
-0.01167, 1.28111, -1.37486, 0.11739, 1.16028, -1.43703, -0.03899, 0.99131, -2.67954, -0.08407, 0.96772, -2.63803
-0.01180, 1.27973, -1.37324, 0.12142, 1.16507, -1.44332, -0.03519, 0.99108, -2.67713, -0.09077, 0.96727, -2.63552
-0.01147, 1.27832, -1.37145, 0.12534, 1.17068, -1.44822, -0.03117, 0.99088, -2.67468, -0.09840, 0.96670, -2.63291
-0.01065, 1.27675, -1.36960, 0.12915, 1.17705, -1.45143, -0.02700, 0.99072, -2.67218, -0.10707, 0.96599, -2.63027
-0.00955, 1.27519, -1.36758, 0.13284, 1.18409, -1.45300, -0.02292, 0.99055, -2.66974, -0.11616, 0.96525, -2.62767
-0.00832, 1.27366, -1.36559, 0.13663, 1.19176, -1.45286, -0.01916, 0.99034, -2.66741, -0.12543, 0.96453, -2.62521
-0.00704, 1.27219, -1.36362, 0.14063, 1.20011, -1.45050, -0.01601, 0.99008, -2.66544, -0.13421, 0.96388, -2.62307
-0.00574, 1.27084, -1.36157, 0.14460, 1.20904, -1.44614, -0.01341, 0.98979, -2.66367, -0.14286, 0.96332, -2.62116
-0.00454, 1.26963, -1.35938, 0.14842, 1.21849, -1.43978, -0.01140, 0.98947, -2.66208, -0.15117, 0.96285, -2.61951
-0.00341, 1.26862, -1.35710, 0.15207, 1.22857, -1.43100, -0.01017, 0.98915, -2.66075, -0.15901, 0.96252, -2.61822
-0.00247, 1.26785, -1.35458, 0.15532, 1.23909, -1.41995, -0.00965, 0.98882, -2.65965, -0.16625, 0.96232, -2.61721
-0.00151, 1.26718, -1.35206, 0.15835, 1.24988, -1.40698, -0.00969, 0.98854, -2.65880, -0.17279, 0.96218, -2.61634
-0.00044, 1.26662, -1.34954, 0.16088, 1.26095, -1.39180, -0.01039, 0.98836, -2.65818, -0.17821, 0.96205, -2.61555
0.00075, 1.26618, -1.34701, 0.16290, 1.27218, -1.37451, -0.01181, 0.98831, -2.65784, -0.18242, 0.96190, -2.61473
0.00192, 1.26581, -1.34449, 0.16454, 1.28286, -1.35655, -0.01317, 0.98829, -2.65774, -0.18548, 0.96177, -2.61389
0.00283, 1.26552, -1.34187, 0.16574, 1.29240, -1.33907, -0.01392, 0.98821, -2.65775, -0.18743, 0.96167, -2.61304
0.00305, 1.26531, -1.33905, 0.16643, 1.29996, -1.32383, -0.01318, 0.98793, -2.65785, -0.18808, 0.96163, -2.61206
0.00301, 1.26517, -1.33617, 0.16642, 1.30600, -1.31059, -0.01174, 0.98758, -2.65796, -0.18798, 0.96165, -2.61108
0.00263, 1.26509, -1.33326, 0.16534, 1.31068, -1.29989, -0.00997, 0.98722, -2.65804, -0.18747, 0.96171, -2.61019
0.00173, 1.26520, -1.33020, 0.16200, 1.31369, -1.29323, -0.00861, 0.98687, -2.65799, -0.18742, 0.96189, -2.60948
0.00066, 1.26537, -1.32712, 0.15714, 1.31535, -1.28979, -0.00742, 0.98658, -2.65788, -0.18753, 0.96212, -2.60896
-0.00058, 1.26562, -1.32427, 0.15160, 1.31616, -1.28794, -0.00669, 0.98633, -2.65769, -0.18767, 0.96238, -2.60864
-0.00180, 1.26599, -1.32160, 0.14595, 1.31651, -1.28640, -0.00671, 0.98614, -2.65757, -0.18771, 0.96267, -2.60873
-0.00291, 1.26642, -1.31938, 0.14054, 1.31658, -1.28456, -0.00763, 0.98602, -2.65747, -0.18770, 0.96297, -2.60925
-0.00405, 1.26684, -1.31745, 0.13564, 1.31629, -1.28266, -0.00870, 0.98591, -2.65743, -0.18745, 0.96325, -2.60991
-0.00527, 1.26728, -1.31576, 0.13154, 1.31571, -1.28058, -0.00958, 0.98570, -2.65746, -0.18691, 0.96348, -2.61073
-0.00655, 1.26760, -1.31456, 0.12900, 1.31476, -1.27797, -0.00956, 0.98533, -2.65763, -0.18576, 0.96360, -2.61152
-0.00796, 1.26788, -1.31360, 0.12740, 1.31363, -1.27532, -0.00906, 0.98489, -2.65782, -0.18426, 0.96367, -2.61237
-0.00957, 1.26815, -1.31292, 0.12619, 1.31239, -1.27309, -0.00858, 0.98446, -2.65806, -0.18256, 0.96371, -2.61319
-0.01140, 1.26840, -1.31253, 0.12517, 1.31116, -1.27190, -0.00819, 0.98411, -2.65819, -0.18067, 0.96370, -2.61387
-0.01340, 1.26859, -1.31243, 0.12426, 1.30997, -1.27154, -0.00799, 0.98387, -2.65826, -0.17862, 0.96365, -2.61452
-0.01546, 1.26874, -1.31264, 0.12335, 1.30894, -1.27160, -0.00796, 0.98365, -2.65838, -0.17645, 0.96357, -2.61511
-0.01750, 1.26886, -1.31309, 0.12200, 1.30814, -1.27175, -0.00823, 0.98345, -2.65854, -0.17423, 0.96348, -2.61588
-0.01937, 1.26889, -1.31384, 0.12034, 1.30773, -1.27173, -0.00866, 0.98325, -2.65884, -0.17196, 0.96338, -2.61680
-0.02116, 1.26890, -1.31482, 0.11857, 1.30749, -1.27192, -0.00929, 0.98299, -2.65924, -0.16958, 0.96325, -2.61787
-0.02275, 1.26886, -1.31593, 0.11714, 1.30734, -1.27229, -0.00999, 0.98268, -2.65976, -0.16726, 0.96310, -2.61904
-0.02397, 1.26871, -1.31722, 0.11651, 1.30726, -1.27312, -0.01054, 0.98224, -2.66054, -0.16477, 0.96292, -2.62039
-0.02495, 1.26848, -1.31860, 0.11623, 1.30726, -1.27412, -0.01100, 0.98173, -2.66143, -0.16238, 0.96270, -2.62177
-0.02568, 1.26820, -1.32007, 0.11620, 1.30733, -1.27512, -0.01140, 0.98123, -2.66232, -0.16012, 0.96241, -2.62309
-0.02607, 1.26782, -1.32149, 0.11610, 1.30757, -1.27587, -0.01153, 0.98079, -2.66321, -0.15832, 0.96207, -2.62423
-0.02618, 1.26735, -1.32299, 0.11596, 1.30791, -1.27641, -0.01158, 0.98040, -2.66406, -0.15672, 0.96166, -2.62520
-0.02603, 1.26683, -1.32443, 0.11578, 1.30828, -1.27685, -0.01143, 0.98003, -2.66477, -0.15535, 0.96125, -2.62603
-0.02551, 1.26628, -1.32586, 0.11555, 1.30864, -1.27721, -0.01103, 0.97967, -2.66545, -0.15391, 0.96085, -2.62683
-0.02475, 1.26570, -1.32718, 0.11524, 1.30890, -1.27754, -0.01049, 0.97930, -2.66595, -0.15245, 0.96051, -2.62756
-0.02382, 1.26516, -1.32830, 0.11486, 1.30912, -1.27781, -0.00990, 0.97894, -2.66630, -0.15106, 0.96020, -2.62817
-0.02277, 1.26464, -1.32940, 0.11465, 1.30926, -1.27831, -0.00923, 0.97861, -2.66658, -0.14990, 0.95989, -2.62873
-0.02184, 1.26428, -1.33009, 0.11454, 1.30928, -1.27900, -0.00876, 0.97831, -2.66673, -0.14910, 0.95962, -2.62919
-0.02094, 1.26394, -1.33060, 0.11446, 1.30921, -1.27981, -0.00834, 0.97803, -2.66677, -0.14858, 0.95934, -2.62947
-0.02006, 1.26361, -1.33093, 0.11434, 1.30909, -1.28064, -0.00807, 0.97779, -2.66668, -0.14836, 0.95911, -2.62971
-0.01917, 1.26327, -1.33110, 0.11414, 1.30894, -1.28137, -0.00786, 0.97758, -2.66647, -0.14845, 0.95885, -2.62967
-0.01832, 1.26288, -1.33120, 0.11373, 1.30873, -1.28199, -0.00768, 0.97738, -2.66615, -0.14882, 0.95862, -2.62940
-0.01748, 1.26251, -1.33115, 0.11315, 1.30854, -1.28238, -0.00722, 0.97719, -2.66570, -0.14928, 0.95844, -2.62906
-0.01649, 1.26213, -1.33104, 0.11240, 1.30839, -1.28240, -0.00613, 0.97703, -2.66533, -0.14939, 0.95833, -2.62866
-0.01548, 1.26173, -1.33089, 0.11128, 1.30827, -1.28199, -0.00444, 0.97686, -2.66493, -0.14917, 0.95833, -2.62820
-0.01452, 1.26139, -1.33064, 0.11007, 1.30817, -1.28139, -0.00232, 0.97668, -2.66449, -0.14890, 0.95837, -2.62772
-0.01373, 1.26105, -1.33049, 0.10880, 1.30805, -1.28080, -0.00018, 0.97653, -2.66411, -0.14884, 0.95841, -2.62723
-0.01324, 1.26083, -1.33048, 0.10769, 1.30790, -1.28045, 0.00174, 0.97638, -2.66381, -0.14921, 0.95837, -2.62671
-0.01289, 1.26063, -1.33057, 0.10664, 1.30771, -1.28031, 0.00342, 0.97624, -2.66351, -0.14994, 0.95830, -2.62624
-0.01278, 1.26054, -1.33064, 0.10571, 1.30752, -1.28028, 0.00474, 0.97612, -2.66321, -0.15084, 0.95825, -2.62582
-0.01281, 1.26057, -1.33069, 0.10506, 1.30740, -1.28048, 0.00523, 0.97602, -2.66286, -0.15208, 0.95819, -2.62562
-0.01293, 1.26070, -1.33081, 0.10464, 1.30733, -1.28090, 0.00521, 0.97594, -2.66250, -0.15340, 0.95814, -2.62553
-0.01306, 1.26085, -1.33102, 0.10436, 1.30727, -1.28146, 0.00494, 0.97583, -2.66214, -0.15469, 0.95809, -2.62558
-0.01324, 1.26100, -1.33130, 0.10407, 1.30720, -1.28214, 0.00467, 0.97567, -2.66188, -0.15558, 0.95804, -2.62575
-0.01326, 1.26111, -1.33174, 0.10382, 1.30715, -1.28287, 0.00482, 0.97548, -2.66176, -0.15597, 0.95798, -2.62600
-0.01332, 1.26116, -1.33228, 0.10354, 1.30703, -1.28365, 0.00494, 0.97526, -2.66169, -0.15616, 0.95793, -2.62634
-0.01339, 1.26117, -1.33292, 0.10325, 1.30689, -1.28452, 0.00506, 0.97506, -2.66170, -0.15629, 0.95786, -2.62665
-0.01363, 1.26113, -1.33374, 0.10272, 1.30665, -1.28537, 0.00496, 0.97487, -2.66175, -0.15647, 0.95778, -2.62690
-0.01391, 1.26103, -1.33461, 0.10220, 1.30637, -1.28624, 0.00487, 0.97473, -2.66182, -0.15673, 0.95772, -2.62707
-0.01416, 1.26090, -1.33552, 0.10174, 1.30611, -1.28711, 0.00474, 0.97458, -2.66185, -0.15692, 0.95766, -2.62724
-0.01435, 1.26077, -1.33621, 0.10161, 1.30593, -1.28784, 0.00472, 0.97444, -2.66174, -0.15707, 0.95763, -2.62735
-0.01454, 1.26062, -1.33683, 0.10160, 1.30577, -1.28859, 0.00480, 0.97429, -2.66153, -0.15726, 0.95763, -2.62748
-0.01489, 1.26047, -1.33738, 0.10161, 1.30562, -1.28925, 0.00486, 0.97416, -2.66125, -0.15746, 0.95767, -2.62759
-0.01547, 1.26039, -1.33782, 0.10146, 1.30546, -1.28990, 0.00486, 0.97399, -2.66091, -0.15784, 0.95773, -2.62769
-0.01654, 1.26033, -1.33823, 0.10103, 1.30522, -1.29052, 0.00470, 0.97381, -2.66055, -0.15835, 0.95782, -2.62775
-0.01761, 1.26028, -1.33865, 0.10050, 1.30494, -1.29112, 0.00453, 0.97364, -2.66023, -0.15898, 0.95793, -2.62780
-0.01873, 1.26026, -1.33912, 0.09990, 1.30462, -1.29165, 0.00422, 0.97350, -2.65984, -0.15970, 0.95806, -2.62780
-0.01972, 1.26027, -1.33972, 0.09912, 1.30426, -1.29215, 0.00368, 0.97344, -2.65956, -0.16046, 0.95820, -2.62782
-0.02052, 1.26029, -1.34039, 0.09834, 1.30387, -1.29262, 0.00317, 0.97341, -2.65926, -0.16127, 0.95835, -2.62783
-0.02095, 1.26029, -1.34114, 0.09790, 1.30351, -1.29317, 0.00299, 0.97337, -2.65901, -0.16179, 0.95848, -2.62781
-0.02074, 1.26017, -1.34195, 0.09787, 1.30320, -1.29396, 0.00369, 0.97323, -2.65873, -0.16196, 0.95856, -2.62771
-0.02010, 1.26002, -1.34279, 0.09820, 1.30293, -1.29491, 0.00496, 0.97301, -2.65844, -0.16191, 0.95861, -2.62763
-0.01935, 1.25987, -1.34362, 0.09868, 1.30263, -1.29611, 0.00643, 0.97276, -2.65808, -0.16188, 0.95865, -2.62746
-0.01856, 1.25965, -1.34446, 0.09932, 1.30233, -1.29755, 0.00789, 0.97250, -2.65771, -0.16210, 0.95868, -2.62722
-0.01798, 1.25946, -1.34525, 0.09998, 1.30201, -1.29915, 0.00908, 0.97226, -2.65728, -0.16276, 0.95871, -2.62688
-0.01763, 1.25930, -1.34595, 0.10050, 1.30163, -1.30087, 0.01002, 0.97204, -2.65675, -0.16372, 0.95873, -2.62651
-0.01732, 1.25909, -1.34681, 0.10093, 1.30126, -1.30259, 0.01074, 0.97190, -2.65621, -0.16474, 0.95876, -2.62607
-0.01729, 1.25894, -1.34775, 0.10088, 1.30089, -1.30417, 0.01080, 0.97186, -2.65561, -0.16610, 0.95879, -2.62561
-0.01752, 1.25877, -1.34884, 0.10065, 1.30047, -1.30583, 0.01054, 0.97189, -2.65495, -0.16746, 0.95882, -2.62517
-0.01790, 1.25858, -1.35010, 0.10039, 1.29998, -1.30764, 0.01011, 0.97195, -2.65431, -0.16878, 0.95889, -2.62475
-0.01844, 1.25824, -1.35187, 0.10064, 1.29933, -1.30983, 0.01001, 0.97204, -2.65365, -0.16961, 0.95892, -2.62433
-0.01921, 1.25786, -1.35393, 0.10110, 1.29861, -1.31236, 0.00991, 0.97212, -2.65303, -0.17017, 0.95896, -2.62397
-0.01993, 1.25739, -1.35622, 0.10196, 1.29784, -1.31507, 0.01004, 0.97221, -2.65236, -0.17062, 0.95897, -2.62354
-0.02073, 1.25694, -1.35866, 0.10331, 1.29716, -1.31786, 0.01026, 0.97228, -2.65163, -0.17120, 0.95897, -2.62312
-0.02137, 1.25642, -1.36124, 0.10528, 1.29655, -1.32066, 0.01063, 0.97233, -2.65087, -0.17188, 0.95891, -2.62264
-0.02208, 1.25595, -1.36377, 0.10717, 1.29602, -1.32324, 0.01110, 0.97233, -2.65000, -0.17282, 0.95887, -2.62209
-0.02246, 1.25542, -1.36630, 0.10867, 1.29551, -1.32555, 0.01183, 0.97233, -2.64908, -0.17395, 0.95877, -2.62144
-0.02250, 1.25492, -1.36853, 0.10900, 1.29516, -1.32707, 0.01282, 0.97226, -2.64799, -0.17534, 0.95866, -2.62067
-0.02229, 1.25443, -1.37062, 0.10873, 1.29484, -1.32824, 0.01406, 0.97218, -2.64687, -0.17695, 0.95854, -2.61978
-0.02204, 1.25392, -1.37263, 0.10808, 1.29446, -1.32927, 0.01524, 0.97214, -2.64561, -0.17852, 0.95845, -2.61882
-0.02164, 1.25340, -1.37454, 0.10707, 1.29398, -1.33023, 0.01628, 0.97219, -2.64433, -0.17995, 0.95838, -2.61775
-0.02129, 1.25292, -1.37626, 0.10582, 1.29338, -1.33119, 0.01699, 0.97231, -2.64298, -0.18123, 0.95835, -2.61665
-0.02108, 1.25243, -1.37793, 0.10464, 1.29268, -1.33227, 0.01792, 0.97247, -2.64157, -0.18238, 0.95833, -2.61543
-0.02120, 1.25201, -1.37947, 0.10389, 1.29188, -1.33341, 0.01894, 0.97266, -2.64021, -0.18333, 0.95835, -2.61415
-0.02186, 1.25159, -1.38089, 0.10357, 1.29091, -1.33487, 0.02031, 0.97285, -2.63882, -0.18407, 0.95840, -2.61283
-0.02257, 1.25125, -1.38216, 0.10364, 1.28978, -1.33641, 0.02189, 0.97310, -2.63741, -0.18457, 0.95849, -2.61136
-0.02306, 1.25097, -1.38328, 0.10415, 1.28851, -1.33805, 0.02361, 0.97342, -2.63601, -0.18477, 0.95866, -2.60981
-0.02303, 1.25081, -1.38425, 0.10503, 1.28699, -1.33987, 0.02559, 0.97380, -2.63461, -0.18464, 0.95897, -2.60822
-0.02255, 1.25066, -1.38510, 0.10624, 1.28531, -1.34170, 0.02777, 0.97427, -2.63316, -0.18413, 0.95933, -2.60646
-0.02209, 1.25055, -1.38569, 0.10747, 1.28350, -1.34356, 0.02978, 0.97481, -2.63158, -0.18374, 0.95977, -2.60459
-0.02156, 1.25039, -1.38591, 0.10865, 1.28161, -1.34513, 0.03163, 0.97547, -2.62980, -0.18354, 0.96026, -2.60251
-0.02109, 1.25023, -1.38590, 0.10967, 1.27964, -1.34665, 0.03330, 0.97619, -2.62782, -0.18364, 0.96078, -2.60028
-0.02096, 1.25002, -1.38566, 0.11057, 1.27751, -1.34823, 0.03487, 0.97699, -2.62560, -0.18391, 0.96134, -2.59792
-0.02152, 1.24983, -1.38525, 0.11115, 1.27522, -1.35000, 0.03631, 0.97784, -2.62314, -0.18467, 0.96186, -2.59539
-0.02292, 1.24964, -1.38470, 0.11139, 1.27270, -1.35215, 0.03756, 0.97874, -2.62047, -0.18593, 0.96234, -2.59280
-0.02457, 1.24950, -1.38406, 0.11180, 1.26996, -1.35474, 0.03867, 0.97968, -2.61758, -0.18735, 0.96284, -2.59009
-0.02618, 1.24946, -1.38331, 0.11273, 1.26694, -1.35802, 0.03951, 0.98070, -2.61468, -0.18871, 0.96338, -2.58723
-0.02735, 1.24964, -1.38249, 0.11489, 1.26356, -1.36218, 0.04009, 0.98181, -2.61176, -0.18984, 0.96399, -2.58418
-0.02826, 1.24992, -1.38164, 0.11745, 1.25982, -1.36717, 0.04046, 0.98297, -2.60881, -0.19076, 0.96469, -2.58106
-0.02902, 1.25031, -1.38074, 0.11979, 1.25571, -1.37292, 0.04076, 0.98417, -2.60589, -0.19119, 0.96544, -2.57783
-0.02966, 1.25072, -1.37985, 0.12099, 1.25112, -1.37947, 0.04108, 0.98535, -2.60307, -0.19100, 0.96630, -2.57466
-0.03025, 1.25117, -1.37890, 0.12116, 1.24607, -1.38676, 0.04137, 0.98653, -2.60019, -0.19034, 0.96725, -2.57146
-0.03088, 1.25163, -1.37806, 0.12064, 1.24055, -1.39469, 0.04173, 0.98768, -2.59721, -0.18941, 0.96825, -2.56825
-0.03176, 1.25212, -1.37734, 0.11913, 1.23450, -1.40317, 0.04212, 0.98879, -2.59390, -0.18835, 0.96932, -2.56508
-0.03295, 1.25260, -1.37678, 0.11668, 1.22791, -1.41218, 0.04245, 0.98983, -2.59018, -0.18733, 0.97040, -2.56189
-0.03425, 1.25311, -1.37626, 0.11383, 1.22093, -1.42160, 0.04271, 0.99084, -2.58621, -0.18654, 0.97153, -2.55872
-0.03563, 1.25360, -1.37583, 0.11087, 1.21369, -1.43136, 0.04282, 0.99186, -2.58198, -0.18612, 0.97265, -2.55553
-0.03717, 1.25418, -1.37523, 0.10791, 1.20637, -1.44133, 0.04248, 0.99290, -2.57758, -0.18659, 0.97380, -2.55245
-0.03864, 1.25472, -1.37462, 0.10522, 1.19884, -1.45152, 0.04204, 0.99399, -2.57302, -0.18750, 0.97495, -2.54933
-0.04001, 1.25525, -1.37410, 0.10298, 1.19100, -1.46196, 0.04162, 0.99510, -2.56853, -0.18862, 0.97609, -2.54617
-0.04113, 1.25576, -1.37362, 0.10170, 1.18278, -1.47263, 0.04139, 0.99627, -2.56425, -0.18970, 0.97721, -2.54296
-0.04195, 1.25619, -1.37324, 0.10110, 1.17416, -1.48351, 0.04140, 0.99747, -2.56010, -0.19078, 0.97835, -2.53968
-0.04257, 1.25657, -1.37301, 0.10083, 1.16523, -1.49448, 0.04159, 0.99872, -2.55597, -0.19178, 0.97947, -2.53630
-0.04272, 1.25680, -1.37302, 0.10069, 1.15600, -1.50561, 0.04209, 0.99994, -2.55161, -0.19237, 0.98058, -2.53274
-0.04235, 1.25678, -1.37351, 0.10059, 1.14647, -1.51695, 0.04289, 1.00118, -2.54700, -0.19264, 0.98165, -2.52899
-0.04175, 1.25672, -1.37395, 0.10065, 1.13667, -1.52828, 0.04398, 1.00239, -2.54209, -0.19271, 0.98278, -2.52506
-0.04102, 1.25665, -1.37437, 0.10103, 1.12655, -1.53953, 0.04536, 1.00362, -2.53703, -0.19274, 0.98392, -2.52102
-0.04017, 1.25668, -1.37442, 0.10185, 1.11607, -1.55066, 0.04718, 1.00483, -2.53175, -0.19263, 0.98517, -2.51691
-0.03947, 1.25675, -1.37425, 0.10297, 1.10525, -1.56161, 0.04920, 1.00603, -2.52627, -0.19254, 0.98645, -2.51265
-0.03907, 1.25677, -1.37395, 0.10431, 1.09407, -1.57240, 0.05119, 1.00728, -2.52046, -0.19234, 0.98781, -2.50832
-0.03949, 1.25668, -1.37348, 0.10591, 1.08244, -1.58314, 0.05311, 1.00853, -2.51439, -0.19216, 0.98919, -2.50384
-0.04048, 1.25655, -1.37285, 0.10770, 1.07048, -1.59366, 0.05485, 1.00987, -2.50804, -0.19187, 0.99064, -2.49929
-0.04169, 1.25641, -1.37214, 0.10963, 1.05830, -1.60380, 0.05664, 1.01124, -2.50140, -0.19176, 0.99211, -2.49454
-0.04301, 1.25633, -1.37132, 0.11150, 1.04593, -1.61360, 0.05848, 1.01268, -2.49448, -0.19208, 0.99363, -2.48963
-0.04419, 1.25628, -1.37045, 0.11340, 1.03344, -1.62300, 0.06054, 1.01422, -2.48733, -0.19279, 0.99517, -2.48449
-0.04535, 1.25637, -1.36948, 0.11537, 1.02094, -1.63191, 0.06260, 1.01578, -2.47989, -0.19391, 0.99674, -2.47911
-0.04642, 1.25666, -1.36840, 0.11748, 1.00848, -1.64023, 0.06487, 1.01735, -2.47221, -0.19538, 0.99833, -2.47348
-0.04720, 1.25730, -1.36712, 0.11982, 0.99619, -1.64797, 0.06729, 1.01892, -2.46438, -0.19717, 0.99990, -2.46745
-0.04796, 1.25807, -1.36574, 0.12253, 0.98402, -1.65509, 0.06980, 1.02046, -2.45624, -0.19922, 1.00149, -2.46114
-0.04887, 1.25892, -1.36419, 0.12575, 0.97200, -1.66157, 0.07240, 1.02195, -2.44780, -0.20134, 1.00317, -2.45456
-0.05005, 1.25968, -1.36245, 0.13008, 0.96008, -1.66725, 0.07519, 1.02333, -2.43887, -0.20326, 1.00498, -2.44776
-0.05149, 1.26037, -1.36059, 0.13519, 0.94828, -1.67221, 0.07791, 1.02462, -2.42945, -0.20502, 1.00695, -2.44072
-0.05304, 1.26104, -1.35859, 0.14065, 0.93677, -1.67644, 0.08065, 1.02588, -2.41974, -0.20678, 1.00899, -2.43336
-0.05459, 1.26172, -1.35628, 0.14630, 0.92577, -1.67991, 0.08318, 1.02714, -2.40974, -0.20868, 1.01104, -2.42567
-0.05616, 1.26240, -1.35367, 0.15185, 0.91532, -1.68262, 0.08541, 1.02842, -2.39950, -0.21087, 1.01312, -2.41766
-0.05777, 1.26305, -1.35104, 0.15735, 0.90530, -1.68462, 0.08770, 1.02970, -2.38896, -0.21277, 1.01518, -2.40934
-0.05950, 1.26368, -1.34831, 0.16248, 0.89561, -1.68582, 0.08992, 1.03097, -2.37820, -0.21436, 1.01725, -2.40082
-0.06140, 1.26425, -1.34579, 0.16707, 0.88626, -1.68608, 0.09237, 1.03224, -2.36726, -0.21495, 1.01925, -2.39216
-0.06348, 1.26475, -1.34339, 0.17118, 0.87721, -1.68563, 0.09499, 1.03344, -2.35608, -0.21516, 1.02127, -2.38341
-0.06555, 1.26516, -1.34105, 0.17498, 0.86847, -1.68446, 0.09783, 1.03455, -2.34469, -0.21485, 1.02329, -2.37448
-0.06778, 1.26549, -1.33875, 0.17821, 0.86004, -1.68267, 0.10096, 1.03549, -2.33311, -0.21428, 1.02544, -2.36541
-0.07001, 1.26568, -1.33658, 0.18105, 0.85190, -1.68030, 0.10441, 1.03626, -2.32137, -0.21343, 1.02766, -2.35621
-0.07207, 1.26582, -1.33451, 0.18351, 0.84413, -1.67733, 0.10799, 1.03691, -2.30952, -0.21254, 1.02991, -2.34690
-0.07388, 1.26591, -1.33255, 0.18547, 0.83672, -1.67382, 0.11140, 1.03736, -2.29757, -0.21196, 1.03224, -2.33748
-0.07523, 1.26593, -1.33083, 0.18710, 0.82978, -1.66975, 0.11490, 1.03769, -2.28566, -0.21176, 1.03454, -2.32805
-0.07640, 1.26590, -1.32921, 0.18833, 0.82323, -1.66509, 0.11833, 1.03785, -2.27362, -0.21158, 1.03687, -2.31848
-0.07750, 1.26581, -1.32773, 0.18909, 0.81705, -1.65958, 0.12174, 1.03791, -2.26160, -0.21144, 1.03922, -2.30873
-0.07858, 1.26562, -1.32628, 0.18938, 0.81126, -1.65280, 0.12514, 1.03783, -2.24943, -0.21099, 1.04154, -2.29868
-0.07969, 1.26535, -1.32503, 0.18944, 0.80587, -1.64532, 0.12874, 1.03765, -2.23727, -0.21036, 1.04387, -2.28845
-0.08083, 1.26506, -1.32370, 0.18935, 0.80092, -1.63726, 0.13238, 1.03736, -2.22507, -0.20957, 1.04624, -2.27800
-0.08218, 1.26467, -1.32250, 0.18928, 0.79638, -1.62882, 0.13633, 1.03698, -2.21295, -0.20847, 1.04870, -2.26735
-0.08363, 1.26430, -1.32129, 0.18935, 0.79236, -1.62006, 0.14044, 1.03650, -2.20097, -0.20720, 1.05122, -2.25655
-0.08485, 1.26390, -1.32013, 0.19003, 0.78911, -1.61089, 0.14464, 1.03599, -2.18892, -0.20572, 1.05376, -2.24561
-0.08573, 1.26357, -1.31895, 0.19198, 0.78711, -1.60074, 0.14860, 1.03550, -2.17677, -0.20417, 1.05641, -2.23470
-0.08604, 1.26330, -1.31780, 0.19547, 0.78651, -1.58957, 0.15243, 1.03506, -2.16450, -0.20252, 1.05912, -2.22395
-0.08607, 1.26310, -1.31654, 0.19907, 0.78667, -1.57889, 0.15593, 1.03460, -2.15213, -0.20076, 1.06191, -2.21305
-0.08587, 1.26295, -1.31513, 0.20201, 0.78744, -1.57018, 0.15901, 1.03412, -2.13951, -0.19887, 1.06472, -2.20196
-0.08546, 1.26292, -1.31331, 0.20306, 0.78885, -1.56536, 0.16130, 1.03367, -2.12664, -0.19684, 1.06765, -2.19053
-0.08501, 1.26293, -1.31128, 0.20255, 0.79073, -1.56326, 0.16318, 1.03317, -2.11358, -0.19467, 1.07059, -2.17886
-0.08475, 1.26299, -1.30897, 0.20037, 0.79292, -1.56342, 0.16496, 1.03262, -2.10049, -0.19262, 1.07344, -2.16704
-0.08499, 1.26312, -1.30635, 0.19532, 0.79532, -1.56633, 0.16688, 1.03206, -2.08746, -0.19081, 1.07618, -2.15514
-0.08575, 1.26329, -1.30346, 0.18813, 0.79779, -1.57124, 0.16886, 1.03146, -2.07456, -0.18923, 1.07878, -2.14321
-0.08686, 1.26347, -1.30035, 0.18046, 0.80020, -1.57692, 0.17076, 1.03082, -2.06171, -0.18780, 1.08131, -2.13133
-0.08833, 1.26362, -1.29699, 0.17387, 0.80228, -1.58227, 0.17253, 1.03018, -2.04900, -0.18660, 1.08380, -2.11966
-0.09024, 1.26378, -1.29323, 0.16920, 0.80384, -1.58666, 0.17392, 1.02957, -2.03642, -0.18565, 1.08636, -2.10824
-0.09229, 1.26389, -1.28943, 0.16566, 0.80502, -1.59082, 0.17521, 1.02893, -2.02394, -0.18475, 1.08885, -2.09705
-0.09433, 1.26399, -1.28561, 0.16322, 0.80577, -1.59482, 0.17652, 1.02828, -2.01144, -0.18385, 1.09127, -2.08610
-0.09621, 1.26410, -1.28179, 0.16224, 0.80587, -1.59878, 0.17779, 1.02760, -1.99898, -0.18292, 1.09369, -2.07559
-0.09792, 1.26416, -1.27811, 0.16185, 0.80562, -1.60257, 0.17919, 1.02692, -1.98647, -0.18191, 1.09591, -2.06536
-0.09961, 1.26419, -1.27441, 0.16117, 0.80531, -1.60602, 0.18045, 1.02626, -1.97399, -0.18078, 1.09788, -2.05523
-0.10107, 1.26425, -1.27055, 0.15910, 0.80517, -1.60851, 0.18168, 1.02570, -1.96153, -0.17944, 1.09950, -2.04538
-0.10248, 1.26433, -1.26658, 0.15581, 0.80525, -1.61020, 0.18275, 1.02523, -1.94904, -0.17790, 1.10075, -2.03570
-0.10390, 1.26437, -1.26264, 0.15207, 0.80570, -1.61161, 0.18372, 1.02483, -1.93662, -0.17604, 1.10167, -2.02638
-0.10546, 1.26434, -1.25871, 0.14822, 0.80676, -1.61284, 0.18451, 1.02448, -1.92416, -0.17359, 1.10239, -2.01729
-0.10728, 1.26432, -1.25477, 0.14444, 0.80859, -1.61404, 0.18508, 1.02421, -1.91176, -0.17040, 1.10290, -2.00860
-0.10921, 1.26423, -1.25099, 0.14083, 0.81081, -1.61511, 0.18552, 1.02402, -1.89944, -0.16706, 1.10284, -2.00066
-0.11127, 1.26406, -1.24740, 0.13752, 0.81330, -1.61601, 0.18575, 1.02400, -1.88721, -0.16396, 1.10180, -1.99389
-0.11354, 1.26394, -1.24384, 0.13482, 0.81591, -1.61669, 0.18590, 1.02417, -1.87520, -0.16166, 1.09948, -1.98918
-0.11586, 1.26364, -1.24080, 0.13241, 0.81864, -1.61717, 0.18589, 1.02457, -1.86336, -0.15958, 1.09587, -1.98572
-0.11837, 1.26309, -1.23841, 0.13006, 0.82152, -1.61732, 0.18570, 1.02520, -1.85163, -0.15729, 1.09076, -1.98305
-0.12131, 1.26223, -1.23687, 0.12740, 0.82451, -1.61697, 0.18524, 1.02617, -1.84004, -0.15446, 1.08357, -1.98073
-0.12433, 1.26089, -1.23659, 0.12453, 0.82760, -1.61612, 0.18459, 1.02743, -1.82861, -0.15098, 1.07448, -1.97861
-0.12678, 1.25880, -1.23815, 0.12164, 0.83090, -1.61502, 0.18386, 1.02892, -1.81746, -0.14676, 1.06387, -1.97674
-0.12816, 1.25551, -1.24246, 0.11860, 0.83449, -1.61377, 0.18291, 1.03058, -1.80677, -0.14156, 1.05158, -1.97493
-0.12800, 1.25076, -1.25019, 0.11566, 0.83839, -1.61242, 0.18202, 1.03237, -1.79663, -0.13515, 1.03764, -1.97301
-0.12667, 1.24487, -1.26026, 0.11274, 0.84254, -1.61096, 0.18096, 1.03442, -1.78681, -0.12838, 1.02295, -1.97089
-0.12400, 1.23770, -1.27261, 0.10994, 0.84693, -1.60946, 0.17974, 1.03668, -1.77713, -0.12162, 1.00809, -1.96862
-0.11945, 1.22893, -1.28716, 0.10743, 0.85163, -1.60797, 0.17836, 1.03931, -1.76761, -0.11530, 0.99372, -1.96647
-0.11403, 1.21919, -1.30326, 0.10504, 0.85650, -1.60647, 0.17684, 1.04216, -1.75812, -0.10939, 0.97971, -1.96402
-0.10814, 1.20904, -1.32034, 0.10282, 0.86146, -1.60484, 0.17533, 1.04525, -1.74862, -0.10374, 0.96614, -1.96088
-0.10244, 1.19918, -1.33789, 0.10061, 0.86645, -1.60307, 0.17387, 1.04862, -1.73908, -0.09864, 0.95343, -1.95655
-0.09688, 1.18956, -1.35598, 0.09842, 0.87143, -1.60118, 0.17241, 1.05214, -1.72950, -0.09402, 0.94139, -1.95127
-0.09113, 1.17986, -1.37501, 0.09628, 0.87638, -1.59907, 0.17108, 1.05582, -1.71997, -0.08978, 0.92960, -1.94540
-0.08540, 1.17005, -1.39519, 0.09384, 0.88126, -1.59689, 0.16957, 1.05944, -1.71064, -0.08623, 0.91778, -1.93891
-0.07944, 1.16004, -1.41668, 0.09119, 0.88602, -1.59455, 0.16800, 1.06306, -1.70155, -0.08328, 0.90579, -1.93191
-0.07319, 1.14960, -1.43937, 0.08843, 0.89075, -1.59209, 0.16634, 1.06666, -1.69262, -0.08078, 0.89376, -1.92449
-0.06642, 1.13855, -1.46342, 0.08595, 0.89548, -1.58964, 0.16478, 1.07029, -1.68383, -0.07862, 0.88176, -1.91685
-0.05877, 1.12661, -1.48898, 0.08382, 0.90030, -1.58719, 0.16330, 1.07391, -1.67523, -0.07694, 0.86971, -1.90897
-0.05088, 1.11372, -1.51542, 0.08177, 0.90514, -1.58465, 0.16167, 1.07756, -1.66679, -0.07566, 0.85783, -1.90085
-0.04303, 1.09973, -1.54245, 0.07996, 0.91000, -1.58199, 0.16014, 1.08122, -1.65860, -0.07437, 0.84622, -1.89267
-0.03578, 1.08422, -1.56988, 0.07821, 0.91483, -1.57912, 0.15858, 1.08491, -1.65073, -0.07314, 0.83502, -1.88440
-0.02907, 1.06737, -1.59706, 0.07646, 0.91969, -1.57599, 0.15692, 1.08868, -1.64316, -0.07186, 0.82432, -1.87610
-0.02268, 1.04943, -1.62336, 0.07477, 0.92452, -1.57267, 0.15512, 1.09253, -1.63576, -0.07028, 0.81414, -1.86781
-0.01630, 1.03047, -1.64824, 0.07295, 0.92938, -1.56916, 0.15309, 1.09647, -1.62838, -0.06832, 0.80447, -1.85966
-0.00985, 1.01062, -1.67129, 0.07101, 0.93427, -1.56551, 0.15074, 1.10055, -1.62098, -0.06583, 0.79541, -1.85172
-0.00389, 0.99024, -1.69290, 0.06906, 0.93916, -1.56151, 0.14829, 1.10478, -1.61363, -0.06234, 0.78726, -1.84363
0.00131, 0.96957, -1.71377, 0.06717, 0.94406, -1.55719, 0.14599, 1.10913, -1.60644, -0.05736, 0.78026, -1.83530
0.00520, 0.94892, -1.73473, 0.06527, 0.94900, -1.55232, 0.14387, 1.11376, -1.59942, -0.04980, 0.77493, -1.82619
0.00796, 0.92831, -1.75461, 0.06341, 0.95393, -1.54700, 0.14186, 1.11858, -1.59260, -0.04118, 0.77110, -1.81696
0.00961, 0.90778, -1.77278, 0.06140, 0.95878, -1.54140, 0.13983, 1.12343, -1.58601, -0.03262, 0.76884, -1.80800
0.00993, 0.88752, -1.78872, 0.05918, 0.96345, -1.53546, 0.13755, 1.12831, -1.57972, -0.02515, 0.76869, -1.79986
0.00892, 0.86770, -1.80235, 0.05682, 0.96798, -1.52926, 0.13518, 1.13324, -1.57372, -0.01899, 0.77046, -1.79265
0.00640, 0.84840, -1.81366, 0.05418, 0.97240, -1.52295, 0.13261, 1.13818, -1.56789, -0.01447, 0.77370, -1.78645
0.00195, 0.82985, -1.82252, 0.05141, 0.97672, -1.51669, 0.12993, 1.14317, -1.56211, -0.01255, 0.77854, -1.78187
-0.00474, 0.81231, -1.82902, 0.04842, 0.98096, -1.51060, 0.12718, 1.14817, -1.55634, -0.01367, 0.78484, -1.77910
-0.01285, 0.79567, -1.83340, 0.04526, 0.98521, -1.50451, 0.12449, 1.15328, -1.55058, -0.01612, 0.79183, -1.77698
-0.02195, 0.78016, -1.83565, 0.04199, 0.98952, -1.49836, 0.12194, 1.15858, -1.54484, -0.01905, 0.79877, -1.77485
-0.03188, 0.76613, -1.83559, 0.03869, 0.99400, -1.49213, 0.11988, 1.16423, -1.53885, -0.02142, 0.80474, -1.77189
-0.04224, 0.75319, -1.83398, 0.03526, 0.99856, -1.48583, 0.11793, 1.17004, -1.53285, -0.02377, 0.81021, -1.76851
-0.05240, 0.74115, -1.83155, 0.03201, 1.00308, -1.47940, 0.11633, 1.17582, -1.52694, -0.02625, 0.81525, -1.76484
-0.06198, 0.72978, -1.82896, 0.02880, 1.00746, -1.47298, 0.11483, 1.18144, -1.52129, -0.02921, 0.81956, -1.76086
-0.07068, 0.71905, -1.82602, 0.02581, 1.01175, -1.46641, 0.11356, 1.18688, -1.51579, -0.03248, 0.82347, -1.75671
-0.07854, 0.70902, -1.82249, 0.02299, 1.01595, -1.45989, 0.11233, 1.19211, -1.51056, -0.03589, 0.82740, -1.75264
-0.08493, 0.69962, -1.81792, 0.02040, 1.02011, -1.45322, 0.11100, 1.19706, -1.50564, -0.03928, 0.83195, -1.74888
-0.08966, 0.69086, -1.81227, 0.01801, 1.02425, -1.44651, 0.10947, 1.20174, -1.50108, -0.04256, 0.83729, -1.74554
-0.09325, 0.68286, -1.80557, 0.01597, 1.02841, -1.43973, 0.10791, 1.20618, -1.49683, -0.04557, 0.84292, -1.74229
-0.09580, 0.67565, -1.79771, 0.01431, 1.03264, -1.43284, 0.10631, 1.21054, -1.49292, -0.04800, 0.84858, -1.73890
-0.09711, 0.66927, -1.78835, 0.01318, 1.03707, -1.42580, 0.10457, 1.21494, -1.48923, -0.04959, 0.85394, -1.73516
-0.09809, 0.66405, -1.77763, 0.01237, 1.04161, -1.41852, 0.10294, 1.21928, -1.48587, -0.05059, 0.85912, -1.73120
-0.09949, 0.66037, -1.76545, 0.01181, 1.04622, -1.41120, 0.10144, 1.22345, -1.48306, -0.05124, 0.86421, -1.72718
-0.10242, 0.65906, -1.75055, 0.01170, 1.05094, -1.40367, 0.10050, 1.22760, -1.48081, -0.05145, 0.86919, -1.72323
-0.10662, 0.65975, -1.73392, 0.01178, 1.05574, -1.39600, 0.09990, 1.23157, -1.47927, -0.05144, 0.87408, -1.71930
-0.11119, 0.66178, -1.71738, 0.01200, 1.06056, -1.38818, 0.09978, 1.23521, -1.47861, -0.05126, 0.87908, -1.71539
-0.11604, 0.66488, -1.70294, 0.01228, 1.06540, -1.38007, 0.10027, 1.23842, -1.47910, -0.05080, 0.88431, -1.71141
-0.12083, 0.66895, -1.69172, 0.01255, 1.07029, -1.37167, 0.10139, 1.24107, -1.48103, -0.05020, 0.88989, -1.70741
-0.12421, 0.67388, -1.68266, 0.01277, 1.07518, -1.36302, 0.10276, 1.24301, -1.48442, -0.04949, 0.89566, -1.70329
-0.12425, 0.67961, -1.67577, 0.01299, 1.08014, -1.35411, 0.10417, 1.24396, -1.48961, -0.04865, 0.90156, -1.69917
-0.11807, 0.68620, -1.67169, 0.01292, 1.08522, -1.34463, 0.10528, 1.24362, -1.49703, -0.04782, 0.90763, -1.69497
-0.10930, 0.69334, -1.66932, 0.01275, 1.09034, -1.33497, 0.10617, 1.24215, -1.50647, -0.04676, 0.91379, -1.69075
-0.10096, 0.70082, -1.66782, 0.01235, 1.09549, -1.32517, 0.10642, 1.23969, -1.51786, -0.04562, 0.92010, -1.68644
-0.09650, 0.70850, -1.66674, 0.01172, 1.10074, -1.31520, 0.10571, 1.23617, -1.53153, -0.04404, 0.92664, -1.68208
-0.09567, 0.71625, -1.66591, 0.01091, 1.10600, -1.30528, 0.10416, 1.23163, -1.54706, -0.04208, 0.93333, -1.67760
-0.09708, 0.72393, -1.66505, 0.01007, 1.11112, -1.29562, 0.10208, 1.22628, -1.56394, -0.03999, 0.94008, -1.67298
-0.10094, 0.73125, -1.66386, 0.00940, 1.11600, -1.28646, 0.09958, 1.22020, -1.58194, -0.03762, 0.94683, -1.66824
-0.10711, 0.73799, -1.66200, 0.00901, 1.12051, -1.27797, 0.09678, 1.21344, -1.60071, -0.03498, 0.95347, -1.66319
-0.11311, 0.74451, -1.65976, 0.00893, 1.12480, -1.27000, 0.09406, 1.20597, -1.61984, -0.03226, 0.96008, -1.65806
-0.11684, 0.75088, -1.65733, 0.00940, 1.12897, -1.26267, 0.09167, 1.19770, -1.63878, -0.02951, 0.96658, -1.65286
-0.11525, 0.75719, -1.65475, 0.01078, 1.13321, -1.25573, 0.09010, 1.18863, -1.65686, -0.02689, 0.97291, -1.64774
-0.11098, 0.76347, -1.65220, 0.01257, 1.13708, -1.24977, 0.08916, 1.17871, -1.67419, -0.02428, 0.97914, -1.64256
-0.10595, 0.76976, -1.64967, 0.01431, 1.14014, -1.24532, 0.08850, 1.16782, -1.69078, -0.02171, 0.98535, -1.63724
-0.10189, 0.77613, -1.64761, 0.01569, 1.14179, -1.24318, 0.08827, 1.15564, -1.70619, -0.01910, 0.99147, -1.63174
-0.09887, 0.78259, -1.64574, 0.01646, 1.14210, -1.24346, 0.08814, 1.14235, -1.72041, -0.01648, 0.99763, -1.62601
-0.09643, 0.78913, -1.64375, 0.01650, 1.14130, -1.24616, 0.08798, 1.12823, -1.73356, -0.01389, 1.00376, -1.61998
-0.09465, 0.79578, -1.64154, 0.01539, 1.13922, -1.25171, 0.08750, 1.11325, -1.74574, -0.01133, 1.00984, -1.61360
-0.09360, 0.80255, -1.63877, 0.01301, 1.13584, -1.26033, 0.08664, 1.09758, -1.75696, -0.00879, 1.01601, -1.60685
-0.09290, 0.80934, -1.63569, 0.00967, 1.13153, -1.27146, 0.08539, 1.08157, -1.76711, -0.00630, 1.02220, -1.59985
-0.09208, 0.81611, -1.63236, 0.00577, 1.12651, -1.28495, 0.08404, 1.06554, -1.77607, -0.00375, 1.02844, -1.59271
-0.09082, 0.82277, -1.62869, 0.00148, 1.12088, -1.30109, 0.08252, 1.04993, -1.78397, -0.00114, 1.03487, -1.58558
-0.08946, 0.82941, -1.62484, -0.00338, 1.11476, -1.31919, 0.08085, 1.03447, -1.79088, 0.00155, 1.04138, -1.57847
-0.08827, 0.83611, -1.62065, -0.00916, 1.10835, -1.33882, 0.07885, 1.01915, -1.79692, 0.00423, 1.04803, -1.57122
-0.08749, 0.84292, -1.61627, -0.01614, 1.10206, -1.35968, 0.07665, 1.00389, -1.80208, 0.00707, 1.05484, -1.56392
-0.08700, 0.84989, -1.61164, -0.02428, 1.09571, -1.38184, 0.07420, 0.98870, -1.80648, 0.01005, 1.06181, -1.55652
-0.08666, 0.85690, -1.60669, -0.03332, 1.08888, -1.40557, 0.07147, 0.97355, -1.81021, 0.01306, 1.06889, -1.54899
-0.08636, 0.86402, -1.60138, -0.04357, 1.08147, -1.43151, 0.06830, 0.95848, -1.81350, 0.01612, 1.07605, -1.54127
-0.08585, 0.87116, -1.59575, -0.05486, 1.07313, -1.45970, 0.06479, 0.94341, -1.81643, 0.01926, 1.08335, -1.53337
-0.08527, 0.87833, -1.58996, -0.06587, 1.06330, -1.48887, 0.06108, 0.92843, -1.81875, 0.02254, 1.09067, -1.52535
