base_lf1, lf1_lf2, lf2_lf3, base_rf1, rf1_rf2, rf2_rf3, base_rb1, rb1_rb2, rb2_rb3, base_lb1, lb1_lb2, lb2_lb3
-0.25713, 1.34735, -1.34824, 0.10651, 1.35073, -1.26686, -0.01229, 0.97454, -2.70684, -0.05793, 0.94481, -2.64349
-0.25720, 1.34743, -1.34831, 0.10639, 1.35072, -1.26715, -0.01244, 0.97446, -2.70685, -0.05812, 0.94476, -2.64366
-0.25727, 1.34746, -1.34841, 0.10615, 1.35070, -1.26737, -0.01271, 0.97438, -2.70684, -0.05833, 0.94474, -2.64383
-0.25716, 1.34738, -1.34856, 0.10608, 1.35074, -1.26747, -0.01277, 0.97436, -2.70689, -0.05846, 0.94471, -2.64395
-0.25695, 1.34717, -1.34882, 0.10607, 1.35078, -1.26743, -0.01292, 0.97441, -2.70701, -0.05843, 0.94470, -2.64404
-0.25659, 1.34693, -1.34905, 0.10624, 1.35086, -1.26727, -0.01296, 0.97451, -2.70716, -0.05825, 0.94468, -2.64405
-0.25645, 1.34673, -1.34921, 0.10632, 1.35091, -1.26718, -0.01304, 0.97460, -2.70730, -0.05813, 0.94470, -2.64409
-0.25640, 1.34667, -1.34919, 0.10637, 1.35090, -1.26714, -0.01307, 0.97465, -2.70735, -0.05805, 0.94468, -2.64406
-0.25652, 1.34677, -1.34905, 0.10636, 1.35087, -1.26721, -0.01309, 0.97467, -2.70738, -0.05811, 0.94466, -2.64398
-0.25675, 1.34695, -1.34880, 0.10631, 1.35080, -1.26732, -0.01321, 0.97466, -2.70736, -0.05819, 0.94465, -2.64396
-0.25697, 1.34714, -1.34859, 0.10621, 1.35072, -1.26747, -0.01331, 0.97461, -2.70732, -0.05825, 0.94463, -2.64388
-0.25723, 1.34729, -1.34835, 0.10607, 1.35064, -1.26765, -0.01324, 0.97452, -2.70728, -0.05826, 0.94463, -2.64384
-0.25755, 1.34747, -1.34809, 0.10581, 1.35054, -1.26782, -0.01329, 0.97443, -2.70723, -0.05832, 0.94462, -2.64383
-0.25780, 1.34760, -1.34792, 0.10561, 1.35047, -1.26800, -0.01332, 0.97435, -2.70720, -0.05832, 0.94463, -2.64384
-0.25801, 1.34764, -1.34777, 0.10543, 1.35040, -1.26808, -0.01335, 0.97432, -2.70721, -0.05823, 0.94466, -2.64390
-0.25821, 1.34767, -1.34773, 0.10516, 1.35034, -1.26815, -0.01345, 0.97428, -2.70723, -0.05821, 0.94469, -2.64401
-0.25844, 1.34761, -1.34772, 0.10487, 1.35027, -1.26820, -0.01365, 0.97429, -2.70727, -0.05827, 0.94474, -2.64415
-0.25850, 1.34741, -1.34800, 0.10458, 1.35017, -1.26823, -0.01382, 0.97432, -2.70726, -0.05834, 0.94477, -2.64425
-0.25860, 1.34717, -1.34839, 0.10421, 1.35005, -1.26831, -0.01408, 0.97439, -2.70730, -0.05851, 0.94480, -2.64438
-0.25873, 1.34691, -1.34880, 0.10386, 1.34994, -1.26840, -0.01432, 0.97445, -2.70730, -0.05874, 0.94483, -2.64453
-0.25875, 1.34665, -1.34934, 0.10358, 1.34982, -1.26861, -0.01435, 0.97446, -2.70731, -0.05884, 0.94478, -2.64457
-0.25895, 1.34649, -1.34983, 0.10331, 1.34968, -1.26892, -0.01419, 0.97442, -2.70721, -0.05900, 0.94473, -2.64457
-0.25912, 1.34637, -1.35038, 0.10308, 1.34956, -1.26937, -0.01396, 0.97435, -2.70713, -0.05912, 0.94465, -2.64456
-0.25919, 1.34625, -1.35098, 0.10296, 1.34943, -1.26991, -0.01370, 0.97426, -2.70708, -0.05919, 0.94455, -2.64450
-0.25918, 1.34614, -1.35163, 0.10285, 1.34931, -1.27054, -0.01336, 0.97417, -2.70715, -0.05897, 0.94448, -2.64447
-0.25919, 1.34606, -1.35233, 0.10277, 1.34920, -1.27123, -0.01302, 0.97407, -2.70722, -0.05877, 0.94441, -2.64442
-0.25918, 1.34589, -1.35308, 0.10267, 1.34906, -1.27198, -0.01269, 0.97398, -2.70722, -0.05856, 0.94435, -2.64441
-0.25925, 1.34564, -1.35406, 0.10262, 1.34894, -1.27277, -0.01247, 0.97388, -2.70728, -0.05831, 0.94429, -2.64438
-0.25931, 1.34532, -1.35510, 0.10253, 1.34880, -1.27359, -0.01235, 0.97379, -2.70725, -0.05806, 0.94423, -2.64439
-0.25952, 1.34497, -1.35619, 0.10243, 1.34864, -1.27442, -0.01216, 0.97370, -2.70721, -0.05796, 0.94414, -2.64434
-0.25982, 1.34472, -1.35723, 0.10221, 1.34845, -1.27538, -0.01202, 0.97360, -2.70708, -0.05805, 0.94403, -2.64430
-0.26031, 1.34453, -1.35821, 0.10204, 1.34819, -1.27641, -0.01185, 0.97350, -2.70683, -0.05852, 0.94387, -2.64420
-0.26073, 1.34436, -1.35923, 0.10182, 1.34794, -1.27751, -0.01163, 0.97340, -2.70654, -0.05911, 0.94368, -2.64407
-0.26099, 1.34417, -1.36027, 0.10157, 1.34764, -1.27866, -0.01129, 0.97331, -2.70625, -0.05969, 0.94346, -2.64387
-0.26096, 1.34391, -1.36150, 0.10136, 1.34734, -1.27992, -0.01083, 0.97321, -2.70588, -0.06032, 0.94326, -2.64365
-0.26078, 1.34360, -1.36283, 0.10104, 1.34699, -1.28131, -0.01036, 0.97310, -2.70551, -0.06086, 0.94306, -2.64337
-0.26061, 1.34323, -1.36428, 0.10072, 1.34660, -1.28275, -0.00992, 0.97299, -2.70509, -0.06151, 0.94283, -2.64306
-0.26049, 1.34279, -1.36573, 0.10029, 1.34618, -1.28434, -0.00942, 0.97281, -2.70459, -0.06223, 0.94258, -2.64277
-0.26045, 1.34231, -1.36727, 0.09987, 1.34570, -1.28605, -0.00900, 0.97262, -2.70409, -0.06300, 0.94231, -2.64246
-0.26055, 1.34182, -1.36869, 0.09944, 1.34522, -1.28764, -0.00851, 0.97244, -2.70358, -0.06374, 0.94206, -2.64213
-0.26084, 1.34141, -1.36982, 0.09900, 1.34476, -1.28901, -0.00804, 0.97232, -2.70301, -0.06428, 0.94191, -2.64177
-0.26132, 1.34111, -1.37061, 0.09852, 1.34436, -1.29004, -0.00759, 0.97226, -2.70244, -0.06466, 0.94187, -2.64141
-0.26178, 1.34083, -1.37122, 0.09822, 1.34400, -1.29079, -0.00705, 0.97226, -2.70186, -0.06491, 0.94187, -2.64097
-0.26224, 1.34056, -1.37166, 0.09777, 1.34358, -1.29148, -0.00649, 0.97226, -2.70118, -0.06514, 0.94191, -2.64052
-0.26231, 1.34019, -1.37205, 0.09744, 1.34318, -1.29192, -0.00578, 0.97228, -2.70042, -0.06536, 0.94197, -2.63995
-0.26224, 1.33979, -1.37240, 0.09716, 1.34276, -1.29233, -0.00505, 0.97229, -2.69956, -0.06560, 0.94198, -2.63930
-0.26219, 1.33934, -1.37279, 0.09672, 1.34230, -1.29275, -0.00423, 0.97228, -2.69860, -0.06596, 0.94200, -2.63864
-0.26214, 1.33878, -1.37338, 0.09632, 1.34177, -1.29336, -0.00325, 0.97223, -2.69758, -0.06658, 0.94192, -2.63786
-0.26210, 1.33817, -1.37410, 0.09591, 1.34117, -1.29410, -0.00221, 0.97215, -2.69639, -0.06747, 0.94178, -2.63705
-0.26218, 1.33758, -1.37491, 0.09533, 1.34055, -1.29495, -0.00126, 0.97204, -2.69521, -0.06842, 0.94163, -2.63625
-0.26248, 1.33705, -1.37571, 0.09471, 1.33989, -1.29584, -0.00033, 0.97190, -2.69401, -0.06948, 0.94147, -2.63546
-0.26300, 1.33665, -1.37659, 0.09399, 1.33925, -1.29687, 0.00051, 0.97175, -2.69289, -0.07050, 0.94129, -2.63474
-0.26380, 1.33628, -1.37746, 0.09317, 1.33860, -1.29795, 0.00125, 0.97160, -2.69175, -0.07155, 0.94114, -2.63404
-0.26472, 1.33594, -1.37826, 0.09230, 1.33790, -1.29890, 0.00199, 0.97147, -2.69059, -0.07278, 0.94102, -2.63337
-0.26605, 1.33561, -1.37894, 0.09128, 1.33720, -1.29980, 0.00261, 0.97135, -2.68938, -0.07429, 0.94098, -2.63279
-0.26745, 1.33524, -1.37965, 0.09032, 1.33651, -1.30061, 0.00329, 0.97125, -2.68811, -0.07577, 0.94095, -2.63216
-0.26898, 1.33484, -1.38034, 0.08930, 1.33576, -1.30131, 0.00404, 0.97117, -2.68681, -0.07739, 0.94097, -2.63154
-0.27056, 1.33428, -1.38108, 0.08832, 1.33500, -1.30187, 0.00507, 0.97111, -2.68538, -0.07905, 0.94100, -2.63076
-0.27228, 1.33367, -1.38184, 0.08733, 1.33423, -1.30234, 0.00614, 0.97105, -2.68391, -0.08079, 0.94105, -2.62995
-0.27400, 1.33287, -1.38289, 0.08634, 1.33346, -1.30272, 0.00736, 0.97099, -2.68243, -0.08254, 0.94107, -2.62905
-0.27562, 1.33193, -1.38414, 0.08535, 1.33279, -1.30300, 0.00863, 0.97090, -2.68100, -0.08431, 0.94103, -2.62813
-0.27731, 1.33077, -1.38587, 0.08430, 1.33221, -1.30334, 0.01005, 0.97076, -2.67959, -0.08605, 0.94089, -2.62714
-0.27894, 1.32942, -1.38800, 0.08317, 1.33165, -1.30361, 0.01135, 0.97062, -2.67823, -0.08777, 0.94075, -2.62617
-0.28050, 1.32783, -1.39063, 0.08187, 1.33106, -1.30396, 0.01269, 0.97045, -2.67679, -0.08947, 0.94063, -2.62527
-0.28196, 1.32595, -1.39391, 0.08046, 1.33041, -1.30437, 0.01383, 0.97033, -2.67540, -0.09102, 0.94058, -2.62451
-0.28342, 1.32373, -1.39787, 0.07885, 1.32970, -1.30488, 0.01486, 0.97020, -2.67392, -0.09244, 0.94059, -2.62378
-0.28475, 1.32105, -1.40276, 0.07719, 1.32896, -1.30542, 0.01565, 0.97006, -2.67235, -0.09389, 0.94064, -2.62311
-0.28612, 1.31770, -1.40905, 0.07530, 1.32809, -1.30608, 0.01635, 0.96984, -2.67055, -0.09527, 0.94079, -2.62252
-0.28750, 1.31370, -1.41660, 0.07340, 1.32719, -1.30677, 0.01684, 0.96962, -2.66863, -0.09658, 0.94094, -2.62190
-0.28900, 1.30907, -1.42503, 0.07152, 1.32626, -1.30752, 0.01740, 0.96938, -2.66661, -0.09788, 0.94110, -2.62123
-0.29135, 1.30378, -1.43414, 0.06959, 1.32531, -1.30828, 0.01796, 0.96914, -2.66451, -0.09917, 0.94125, -2.62047
-0.29437, 1.29780, -1.44386, 0.06781, 1.32435, -1.30902, 0.01874, 0.96895, -2.66243, -0.10068, 0.94133, -2.61950
-0.29674, 1.29115, -1.45425, 0.06613, 1.32341, -1.30987, 0.01966, 0.96874, -2.66032, -0.10211, 0.94137, -2.61846
-0.29722, 1.28382, -1.46536, 0.06454, 1.32249, -1.31079, 0.02058, 0.96852, -2.65820, -0.10349, 0.94137, -2.61732
-0.29397, 1.27559, -1.47758, 0.06314, 1.32160, -1.31186, 0.02171, 0.96823, -2.65613, -0.10465, 0.94130, -2.61610
-0.28886, 1.26678, -1.49009, 0.06178, 1.32072, -1.31320, 0.02291, 0.96787, -2.65401, -0.10570, 0.94119, -2.61491
-0.28274, 1.25771, -1.50215, 0.06038, 1.31984, -1.31470, 0.02395, 0.96745, -2.65192, -0.10670, 0.94107, -2.61378
-0.27646, 1.24884, -1.51286, 0.05890, 1.31901, -1.31647, 0.02484, 0.96693, -2.64987, -0.10751, 0.94096, -2.61287
-0.27011, 1.24006, -1.52251, 0.05718, 1.31820, -1.31848, 0.02552, 0.96633, -2.64784, -0.10826, 0.94089, -2.61216
-0.26350, 1.23105, -1.53167, 0.05544, 1.31733, -1.32059, 0.02618, 0.96571, -2.64585, -0.10892, 0.94083, -2.61153
-0.25654, 1.22153, -1.54085, 0.05369, 1.31643, -1.32280, 0.02695, 0.96515, -2.64398, -0.10944, 0.94081, -2.61088
-0.24936, 1.21146, -1.55011, 0.05171, 1.31543, -1.32500, 0.02774, 0.96468, -2.64226, -0.10995, 0.94087, -2.61030
-0.24206, 1.20090, -1.55923, 0.04983, 1.31436, -1.32721, 0.02862, 0.96422, -2.64061, -0.11036, 0.94093, -2.60964
-0.23495, 1.18990, -1.56829, 0.04789, 1.31316, -1.32958, 0.02946, 0.96369, -2.63896, -0.11089, 0.94098, -2.60894
-0.22830, 1.17842, -1.57723, 0.04593, 1.31178, -1.33208, 0.03043, 0.96306, -2.63727, -0.11153, 0.94099, -2.60813
-0.22174, 1.16657, -1.58596, 0.04394, 1.31031, -1.33477, 0.03128, 0.96233, -2.63559, -0.11223, 0.94096, -2.60721
-0.21519, 1.15454, -1.59425, 0.04182, 1.30874, -1.33755, 0.03160, 0.96152, -2.63390, -0.11328, 0.94092, -2.60632
-0.20834, 1.14239, -1.60208, 0.03942, 1.30707, -1.34071, 0.03114, 0.96061, -2.63223, -0.11476, 0.94084, -2.60541
-0.20123, 1.13015, -1.60946, 0.03693, 1.30535, -1.34400, 0.02987, 0.95963, -2.63053, -0.11655, 0.94074, -2.60454
-0.19434, 1.11780, -1.61634, 0.03419, 1.30356, -1.34758, 0.02763, 0.95863, -2.62901, -0.11826, 0.94067, -2.60370
-0.18771, 1.10525, -1.62287, 0.03137, 1.30172, -1.35125, 0.02406, 0.95767, -2.62767, -0.11956, 0.94064, -2.60280
-0.18147, 1.09254, -1.62906, 0.02842, 1.29982, -1.35501, 0.01904, 0.95678, -2.62660, -0.12032, 0.94068, -2.60189
-0.17564, 1.07982, -1.63457, 0.02544, 1.29792, -1.35878, 0.01298, 0.95593, -2.62577, -0.12092, 0.94079, -2.60099
-0.17046, 1.06718, -1.63931, 0.02239, 1.29601, -1.36249, 0.00602, 0.95509, -2.62507, -0.12178, 0.94100, -2.60008
-0.16592, 1.05482, -1.64314, 0.01947, 1.29418, -1.36588, -0.00174, 0.95424, -2.62465, -0.12321, 0.94133, -2.59920
-0.16186, 1.04266, -1.64586, 0.01654, 1.29240, -1.36903, -0.00999, 0.95348, -2.62435, -0.12494, 0.94173, -2.59827
-0.15841, 1.03073, -1.64736, 0.01365, 1.29065, -1.37212, -0.01854, 0.95287, -2.62402, -0.12693, 0.94218, -2.59739
-0.15545, 1.01898, -1.64733, 0.01092, 1.28898, -1.37508, -0.02697, 0.95255, -2.62363, -0.12912, 0.94259, -2.59645
-0.15292, 1.00748, -1.64579, 0.00830, 1.28737, -1.37803, -0.03531, 0.95250, -2.62313, -0.13127, 0.94296, -2.59547
-0.15079, 0.99625, -1.64305, 0.00578, 1.28576, -1.38108, -0.04388, 0.95269, -2.62270, -0.13330, 0.94331, -2.59447
-0.14890, 0.98538, -1.63904, 0.00344, 1.28415, -1.38418, -0.05290, 0.95318, -2.62246, -0.13469, 0.94359, -2.59336
-0.14729, 0.97492, -1.63386, 0.00117, 1.28245, -1.38754, -0.06256, 0.95396, -2.62235, -0.13526, 0.94384, -2.59218
-0.14597, 0.96491, -1.62758, -0.00102, 1.28077, -1.39096, -0.07201, 0.95491, -2.62235, -0.13573, 0.94405, -2.59096
-0.14525, 0.95543, -1.62019, -0.00315, 1.27913, -1.39434, -0.08073, 0.95590, -2.62245, -0.13629, 0.94429, -2.58975
-0.14541, 0.94664, -1.61131, -0.00545, 1.27753, -1.39768, -0.08826, 0.95686, -2.62271, -0.13765, 0.94461, -2.58863
-0.14596, 0.93857, -1.60150, -0.00778, 1.27601, -1.40092, -0.09425, 0.95778, -2.62291, -0.13931, 0.94498, -2.58755
-0.14656, 0.93122, -1.59107, -0.00999, 1.27460, -1.40401, -0.09813, 0.95864, -2.62282, -0.14105, 0.94542, -2.58653
-0.14685, 0.92491, -1.58007, -0.01216, 1.27331, -1.40696, -0.09870, 0.95939, -2.62202, -0.14285, 0.94592, -2.58562
-0.14677, 0.91951, -1.56875, -0.01426, 1.27218, -1.40967, -0.09649, 0.95997, -2.62057, -0.14454, 0.94649, -2.58481
-0.14617, 0.91476, -1.55748, -0.01627, 1.27116, -1.41234, -0.09279, 0.96040, -2.61871, -0.14604, 0.94710, -2.58405
-0.14436, 0.91054, -1.54655, -0.01797, 1.27023, -1.41490, -0.08824, 0.96057, -2.61659, -0.14708, 0.94777, -2.58340
-0.14135, 0.90678, -1.53616, -0.01951, 1.26939, -1.41736, -0.08350, 0.96047, -2.61421, -0.14764, 0.94848, -2.58277
-0.13844, 0.90359, -1.52601, -0.02105, 1.26865, -1.41983, -0.07881, 0.96015, -2.61188, -0.14799, 0.94923, -2.58233
-0.13683, 0.90110, -1.51603, -0.02279, 1.26795, -1.42259, -0.07452, 0.95961, -2.60992, -0.14857, 0.94996, -2.58218
-0.13772, 0.89963, -1.50568, -0.02490, 1.26733, -1.42574, -0.07145, 0.95885, -2.60878, -0.14940, 0.95063, -2.58249
-0.14015, 0.89870, -1.49622, -0.02730, 1.26675, -1.42916, -0.06884, 0.95795, -2.60812, -0.15045, 0.95130, -2.58311
-0.14343, 0.89802, -1.48869, -0.02992, 1.26627, -1.43266, -0.06602, 0.95704, -2.60767, -0.15139, 0.95196, -2.58395
-0.14746, 0.89723, -1.48518, -0.03289, 1.26593, -1.43621, -0.06266, 0.95621, -2.60729, -0.15227, 0.95266, -2.58498
-0.15175, 0.89635, -1.48516, -0.03604, 1.26567, -1.43974, -0.05854, 0.95547, -2.60695, -0.15290, 0.95334, -2.58607
-0.15586, 0.89541, -1.48721, -0.03914, 1.26554, -1.44323, -0.05417, 0.95480, -2.60674, -0.15332, 0.95401, -2.58723
-0.15911, 0.89418, -1.49110, -0.04207, 1.26545, -1.44657, -0.04952, 0.95423, -2.60676, -0.15342, 0.95466, -2.58837
-0.16111, 0.89261, -1.49639, -0.04475, 1.26544, -1.44977, -0.04468, 0.95376, -2.60701, -0.15319, 0.95530, -2.58950
-0.16326, 0.89137, -1.50201, -0.04719, 1.26548, -1.45292, -0.03997, 0.95327, -2.60745, -0.15254, 0.95592, -2.59073
-0.16644, 0.89093, -1.50698, -0.04933, 1.26546, -1.45620, -0.03536, 0.95269, -2.60815, -0.15138, 0.95650, -2.59203
-0.17203, 0.89213, -1.50998, -0.05093, 1.26546, -1.45967, -0.03103, 0.95188, -2.60920, -0.14903, 0.95700, -2.59346
-0.17871, 0.89422, -1.51188, -0.05234, 1.26532, -1.46339, -0.02708, 0.95098, -2.61040, -0.14622, 0.95746, -2.59497
-0.18550, 0.89669, -1.51314, -0.05389, 1.26501, -1.46724, -0.02359, 0.95009, -2.61165, -0.14310, 0.95787, -2.59656
-0.19139, 0.89925, -1.51405, -0.05584, 1.26448, -1.47131, -0.02077, 0.94937, -2.61280, -0.13991, 0.95828, -2.59826
-0.19637, 0.90160, -1.51474, -0.05821, 1.26366, -1.47555, -0.01879, 0.94881, -2.61388, -0.13673, 0.95866, -2.59999
-0.20040, 0.90351, -1.51513, -0.06063, 1.26256, -1.47984, -0.01799, 0.94845, -2.61499, -0.13356, 0.95904, -2.60177
-0.20293, 0.90436, -1.51536, -0.06287, 1.26115, -1.48390, -0.01916, 0.94839, -2.61615, -0.13032, 0.95945, -2.60359
-0.20391, 0.90393, -1.51532, -0.06492, 1.25939, -1.48771, -0.02276, 0.94867, -2.61743, -0.12724, 0.95993, -2.60542
-0.20415, 0.90299, -1.51524, -0.06661, 1.25712, -1.49184, -0.02768, 0.94918, -2.61882, -0.12410, 0.96042, -2.60727
-0.20428, 0.90196, -1.51527, -0.06784, 1.25422, -1.49662, -0.03340, 0.94985, -2.62027, -0.12101, 0.96082, -2.60912
-0.20509, 0.90141, -1.51547, -0.06858, 1.25043, -1.50252, -0.03977, 0.95068, -2.62176, -0.11797, 0.96115, -2.61100
-0.20604, 0.90106, -1.51587, -0.06856, 1.24581, -1.50948, -0.04615, 0.95157, -2.62333, -0.11501, 0.96140, -2.61286
-0.20670, 0.90080, -1.51648, -0.06733, 1.24030, -1.51756, -0.05218, 0.95244, -2.62493, -0.11204, 0.96157, -2.61463
-0.20666, 0.90060, -1.51731, -0.06418, 1.23361, -1.52730, -0.05673, 0.95314, -2.62657, -0.10897, 0.96165, -2.61629
-0.20602, 0.90040, -1.51848, -0.05926, 1.22586, -1.53833, -0.06029, 0.95369, -2.62829, -0.10594, 0.96163, -2.61778
-0.20498, 0.90015, -1.51976, -0.05289, 1.21747, -1.54969, -0.06332, 0.95416, -2.62994, -0.10291, 0.96152, -2.61919
-0.20353, 0.89974, -1.52116, -0.04458, 1.20877, -1.56070, -0.06605, 0.95461, -2.63162, -0.09998, 0.96129, -2.62054
-0.20182, 0.89916, -1.52263, -0.03457, 1.19990, -1.57107, -0.06885, 0.95505, -2.63323, -0.09722, 0.96093, -2.62179
-0.19978, 0.89842, -1.52427, -0.02431, 1.19061, -1.58079, -0.07135, 0.95549, -2.63487, -0.09455, 0.96048, -2.62294
-0.19764, 0.89752, -1.52620, -0.01523, 1.18073, -1.58977, -0.07334, 0.95591, -2.63663, -0.09218, 0.95999, -2.62404
-0.19543, 0.89648, -1.52852, -0.00916, 1.17018, -1.59768, -0.07453, 0.95630, -2.63859, -0.09032, 0.95942, -2.62489
-0.19316, 0.89530, -1.53116, -0.00442, 1.15891, -1.60485, -0.07545, 0.95667, -2.64062, -0.08858, 0.95881, -2.62569
-0.19058, 0.89394, -1.53406, 0.00023, 1.14683, -1.61129, -0.07647, 0.95712, -2.64270, -0.08640, 0.95816, -2.62642
-0.18772, 0.89239, -1.53711, 0.00614, 1.13367, -1.61678, -0.07815, 0.95767, -2.64466, -0.08329, 0.95754, -2.62715
-0.18461, 0.89066, -1.54042, 0.01277, 1.11947, -1.62164, -0.08061, 0.95829, -2.64649, -0.07935, 0.95692, -2.62797
-0.18130, 0.88870, -1.54396, 0.01903, 1.10440, -1.62612, -0.08353, 0.95898, -2.64822, -0.07504, 0.95625, -2.62880
-0.17785, 0.88654, -1.54766, 0.02380, 1.08844, -1.63039, -0.08714, 0.95974, -2.64986, -0.07042, 0.95549, -2.62976
-0.17417, 0.88408, -1.55166, 0.02674, 1.07149, -1.63467, -0.09127, 0.96057, -2.65141, -0.06566, 0.95459, -2.63082
-0.17038, 0.88134, -1.55579, 0.02905, 1.05385, -1.63898, -0.09515, 0.96138, -2.65274, -0.06095, 0.95362, -2.63180
-0.16638, 0.87831, -1.56010, 0.03137, 1.03561, -1.64366, -0.09761, 0.96210, -2.65390, -0.05643, 0.95254, -2.63260
-0.16218, 0.87495, -1.56453, 0.03425, 1.01671, -1.64908, -0.09734, 0.96266, -2.65489, -0.05243, 0.95136, -2.63302
-0.15790, 0.87129, -1.56906, 0.03754, 0.99741, -1.65483, -0.09569, 0.96313, -2.65563, -0.04856, 0.95013, -2.63313
-0.15366, 0.86738, -1.57376, 0.04122, 0.97794, -1.66083, -0.09323, 0.96361, -2.65615, -0.04467, 0.94887, -2.63308
-0.14967, 0.86320, -1.57859, 0.04524, 0.95839, -1.66737, -0.09082, 0.96417, -2.65623, -0.04041, 0.94771, -2.63276
-0.14600, 0.85877, -1.58361, 0.04956, 0.93889, -1.67424, -0.08840, 0.96480, -2.65601, -0.03589, 0.94662, -2.63231
-0.14255, 0.85410, -1.58864, 0.05410, 0.91963, -1.68097, -0.08610, 0.96543, -2.65567, -0.03132, 0.94556, -2.63179
-0.13935, 0.84913, -1.59358, 0.05877, 0.90077, -1.68744, -0.08398, 0.96603, -2.65539, -0.02677, 0.94455, -2.63141
-0.13641, 0.84383, -1.59845, 0.06357, 0.88246, -1.69367, -0.08216, 0.96651, -2.65527, -0.02237, 0.94356, -2.63118
-0.13370, 0.83827, -1.60314, 0.06880, 0.86468, -1.69957, -0.08029, 0.96696, -2.65522, -0.01837, 0.94258, -2.63099
-0.13117, 0.83253, -1.60774, 0.07487, 0.84752, -1.70519, -0.07818, 0.96735, -2.65514, -0.01512, 0.94155, -2.63081
-0.12865, 0.82660, -1.61212, 0.08229, 0.83110, -1.71073, -0.07548, 0.96767, -2.65504, -0.01319, 0.94041, -2.63062
-0.12643, 0.82055, -1.61633, 0.09052, 0.81554, -1.71589, -0.07263, 0.96795, -2.65486, -0.01208, 0.93924, -2.63044
-0.12430, 0.81441, -1.62037, 0.09970, 0.80114, -1.72057, -0.06981, 0.96827, -2.65458, -0.01151, 0.93806, -2.63013
-0.12243, 0.80824, -1.62423, 0.10996, 0.78848, -1.72470, -0.06755, 0.96868, -2.65395, -0.01128, 0.93695, -2.62968
-0.12067, 0.80203, -1.62793, 0.12108, 0.77741, -1.72816, -0.06570, 0.96915, -2.65315, -0.01111, 0.93590, -2.62908
-0.11916, 0.79574, -1.63147, 0.13240, 0.76743, -1.73085, -0.06413, 0.96964, -2.65224, -0.01093, 0.93489, -2.62848
-0.11790, 0.78934, -1.63478, 0.14361, 0.75849, -1.73228, -0.06288, 0.97007, -2.65128, -0.01041, 0.93393, -2.62801
-0.11679, 0.78280, -1.63792, 0.15447, 0.75042, -1.73227, -0.06173, 0.97043, -2.65038, -0.00928, 0.93300, -2.62763
-0.11587, 0.77624, -1.64090, 0.16422, 0.74300, -1.73141, -0.06081, 0.97073, -2.64956, -0.00796, 0.93212, -2.62735
-0.11506, 0.76971, -1.64380, 0.17190, 0.73591, -1.72991, -0.06016, 0.97100, -2.64892, -0.00651, 0.93132, -2.62715
-0.11411, 0.76329, -1.64661, 0.17615, 0.72883, -1.72795, -0.05963, 0.97124, -2.64861, -0.00490, 0.93056, -2.62701
-0.11331, 0.75698, -1.64937, 0.17843, 0.72205, -1.72553, -0.05937, 0.97145, -2.64843, -0.00336, 0.92988, -2.62690
-0.11264, 0.75077, -1.65213, 0.17995, 0.71567, -1.72263, -0.05904, 0.97163, -2.64824, -0.00195, 0.92923, -2.62682
-0.11222, 0.74474, -1.65488, 0.18126, 0.70986, -1.71918, -0.05870, 0.97175, -2.64797, -0.00101, 0.92865, -2.62673
-0.11201, 0.73883, -1.65768, 0.18307, 0.70473, -1.71517, -0.05828, 0.97182, -2.64754, -0.00041, 0.92809, -2.62658
-0.11215, 0.73304, -1.66050, 0.18608, 0.70043, -1.71057, -0.05778, 0.97184, -2.64704, 0.00002, 0.92756, -2.62640
-0.11275, 0.72735, -1.66345, 0.19186, 0.69736, -1.70467, -0.05727, 0.97182, -2.64647, 0.00044, 0.92709, -2.62620
-0.11385, 0.72174, -1.66654, 0.20105, 0.69568, -1.69738, -0.05670, 0.97177, -2.64579, 0.00094, 0.92665, -2.62594
-0.11517, 0.71622, -1.66977, 0.21098, 0.69477, -1.69058, -0.05615, 0.97168, -2.64507, 0.00141, 0.92624, -2.62568
-0.11672, 0.71085, -1.67321, 0.21986, 0.69441, -1.68608, -0.05593, 0.97160, -2.64439, 0.00179, 0.92585, -2.62537
-0.11832, 0.70567, -1.67682, 0.22582, 0.69454, -1.68648, -0.05629, 0.97150, -2.64381, 0.00196, 0.92550, -2.62508
-0.12009, 0.70060, -1.68059, 0.22986, 0.69493, -1.68993, -0.05700, 0.97138, -2.64327, 0.00199, 0.92515, -2.62478
-0.12212, 0.69558, -1.68442, 0.23239, 0.69540, -1.69544, -0.05789, 0.97122, -2.64278, 0.00196, 0.92486, -2.62456
-0.12437, 0.69049, -1.68826, 0.23306, 0.69557, -1.70293, -0.05876, 0.97100, -2.64239, 0.00187, 0.92464, -2.62452
-0.12689, 0.68533, -1.69208, 0.23243, 0.69539, -1.71153, -0.05964, 0.97072, -2.64205, 0.00179, 0.92447, -2.62460
-0.12980, 0.68010, -1.69593, 0.23147, 0.69475, -1.72021, -0.06058, 0.97042, -2.64178, 0.00152, 0.92434, -2.62474
-0.13323, 0.67476, -1.69985, 0.23121, 0.69332, -1.72766, -0.06160, 0.97010, -2.64152, 0.00102, 0.92426, -2.62502
-0.13703, 0.66928, -1.70368, 0.23249, 0.69102, -1.73303, -0.06262, 0.96981, -2.64134, 0.00037, 0.92420, -2.62540
-0.14141, 0.66376, -1.70743, 0.23389, 0.68810, -1.73751, -0.06387, 0.96947, -2.64114, -0.00046, 0.92417, -2.62581
-0.14621, 0.65815, -1.71099, 0.23483, 0.68475, -1.74150, -0.06529, 0.96908, -2.64092, -0.00142, 0.92413, -2.62620
-0.15156, 0.65250, -1.71416, 0.23456, 0.68107, -1.74530, -0.06724, 0.96861, -2.64059, -0.00222, 0.92405, -2.62654
-0.15723, 0.64682, -1.71709, 0.23370, 0.67706, -1.74891, -0.06922, 0.96807, -2.64028, -0.00298, 0.92395, -2.62682
-0.16312, 0.64112, -1.71969, 0.23269, 0.67271, -1.75213, -0.07102, 0.96746, -2.64001, -0.00345, 0.92388, -2.62701
-0.16912, 0.63546, -1.72204, 0.23197, 0.66798, -1.75502, -0.07227, 0.96676, -2.63992, -0.00358, 0.92384, -2.62709
-0.17503, 0.62981, -1.72401, 0.23167, 0.66294, -1.75745, -0.07295, 0.96600, -2.64001, -0.00320, 0.92381, -2.62711
-0.18102, 0.62428, -1.72581, 0.23162, 0.65758, -1.75952, -0.07344, 0.96524, -2.64017, -0.00284, 0.92384, -2.62710
-0.18693, 0.61891, -1.72748, 0.23206, 0.65188, -1.76120, -0.07371, 0.96450, -2.64043, -0.00268, 0.92384, -2.62703
-0.19264, 0.61374, -1.72899, 0.23306, 0.64590, -1.76240, -0.07385, 0.96380, -2.64074, -0.00286, 0.92386, -2.62698
-0.19852, 0.60876, -1.73046, 0.23431, 0.63974, -1.76329, -0.07408, 0.96317, -2.64105, -0.00330, 0.92388, -2.62694
-0.20457, 0.60391, -1.73182, 0.23561, 0.63345, -1.76375, -0.07433, 0.96261, -2.64123, -0.00410, 0.92392, -2.62685
-0.21093, 0.59925, -1.73313, 0.23707, 0.62714, -1.76378, -0.07484, 0.96218, -2.64116, -0.00540, 0.92396, -2.62681
-0.21753, 0.59475, -1.73444, 0.23843, 0.62083, -1.76354, -0.07543, 0.96183, -2.64095, -0.00697, 0.92400, -2.62674
-0.22422, 0.59041, -1.73581, 0.23990, 0.61457, -1.76320, -0.07571, 0.96151, -2.64071, -0.00842, 0.92401, -2.62663
-0.23106, 0.58624, -1.73721, 0.24119, 0.60842, -1.76293, -0.07548, 0.96120, -2.64042, -0.00969, 0.92396, -2.62635
-0.23791, 0.58230, -1.73875, 0.24246, 0.60243, -1.76277, -0.07473, 0.96089, -2.64009, -0.01049, 0.92386, -2.62597
-0.24497, 0.57846, -1.74046, 0.24351, 0.59659, -1.76277, -0.07368, 0.96054, -2.63964, -0.01093, 0.92376, -2.62552
-0.25226, 0.57474, -1.74244, 0.24433, 0.59101, -1.76299, -0.07219, 0.96011, -2.63904, -0.01072, 0.92366, -2.62498
-0.26001, 0.57114, -1.74476, 0.24462, 0.58572, -1.76348, -0.07046, 0.95958, -2.63825, -0.00992, 0.92362, -2.62440
-0.26799, 0.56768, -1.74740, 0.24463, 0.58069, -1.76431, -0.06862, 0.95900, -2.63728, -0.00900, 0.92360, -2.62382
-0.27612, 0.56439, -1.75040, 0.24443, 0.57605, -1.76556, -0.06673, 0.95843, -2.63611, -0.00810, 0.92360, -2.62320
-0.28437, 0.56137, -1.75395, 0.24405, 0.57191, -1.76741, -0.06495, 0.95789, -2.63462, -0.00772, 0.92364, -2.62261
-0.29267, 0.55852, -1.75777, 0.24343, 0.56814, -1.76966, -0.06316, 0.95734, -2.63300, -0.00771, 0.92370, -2.62208
-0.30100, 0.55576, -1.76186, 0.24269, 0.56464, -1.77232, -0.06112, 0.95675, -2.63141, -0.00795, 0.92375, -2.62157
-0.30911, 0.55304, -1.76610, 0.24192, 0.56137, -1.77537, -0.05857, 0.95606, -2.63005, -0.00851, 0.92375, -2.62106
-0.31702, 0.55034, -1.77046, 0.24116, 0.55831, -1.77875, -0.05554, 0.95527, -2.62884, -0.00925, 0.92369, -2.62062
-0.32479, 0.54765, -1.77484, 0.24037, 0.55536, -1.78224, -0.05278, 0.95453, -2.62771, -0.01007, 0.92364, -2.62021
-0.33246, 0.54493, -1.77921, 0.23958, 0.55236, -1.78573, -0.05078, 0.95389, -2.62654, -0.01074, 0.92359, -2.61986
-0.33993, 0.54221, -1.78337, 0.23883, 0.54929, -1.78899, -0.04993, 0.95342, -2.62529, -0.01109, 0.92355, -2.61958
-0.34727, 0.53948, -1.78752, 0.23826, 0.54618, -1.79222, -0.04966, 0.95308, -2.62399, -0.01128, 0.92350, -2.61936
-0.35440, 0.53681, -1.79159, 0.23799, 0.54302, -1.79546, -0.04979, 0.95290, -2.62261, -0.01125, 0.92342, -2.61924
-0.36125, 0.53423, -1.79560, 0.23824, 0.53975, -1.79872, -0.05036, 0.95295, -2.62112, -0.01090, 0.92327, -2.61927
-0.36803, 0.53168, -1.79963, 0.23886, 0.53641, -1.80205, -0.05093, 0.95306, -2.61958, -0.01036, 0.92310, -2.61937
-0.37464, 0.52916, -1.80358, 0.23971, 0.53302, -1.80531, -0.05116, 0.95313, -2.61826, -0.00988, 0.92294, -2.61959
-0.38128, 0.52668, -1.80748, 0.24065, 0.52962, -1.80851, -0.05054, 0.95292, -2.61738, -0.00955, 0.92285, -2.62000
-0.38793, 0.52419, -1.81134, 0.24180, 0.52618, -1.81164, -0.04918, 0.95251, -2.61690, -0.00944, 0.92280, -2.62057
-0.39441, 0.52171, -1.81506, 0.24307, 0.52274, -1.81467, -0.04785, 0.95206, -2.61657, -0.00947, 0.92279, -2.62124
-0.40083, 0.51919, -1.81864, 0.24444, 0.51933, -1.81758, -0.04720, 0.95167, -2.61628, -0.00997, 0.92274, -2.62192
-0.40702, 0.51665, -1.82200, 0.24594, 0.51599, -1.82035, -0.04745, 0.95142, -2.61598, -0.01092, 0.92271, -2.62271
-0.41303, 0.51412, -1.82520, 0.24757, 0.51268, -1.82301, -0.04862, 0.95129, -2.61574, -0.01195, 0.92266, -2.62352
-0.41864, 0.51153, -1.82826, 0.24943, 0.50942, -1.82567, -0.05081, 0.95136, -2.61558, -0.01266, 0.92256, -2.62427
-0.42376, 0.50894, -1.83111, 0.25159, 0.50623, -1.82830, -0.05466, 0.95173, -2.61558, -0.01273, 0.92245, -2.62492
-0.42856, 0.50634, -1.83395, 0.25397, 0.50305, -1.83095, -0.05920, 0.95224, -2.61560, -0.01225, 0.92229, -2.62552
-0.43319, 0.50380, -1.83683, 0.25655, 0.49993, -1.83367, -0.06357, 0.95275, -2.61558, -0.01153, 0.92210, -2.62610
-0.43768, 0.50138, -1.83986, 0.25930, 0.49689, -1.83652, -0.06675, 0.95311, -2.61538, -0.01037, 0.92194, -2.62666
-0.44215, 0.49908, -1.84313, 0.26219, 0.49389, -1.83955, -0.06885, 0.95331, -2.61504, -0.00906, 0.92176, -2.62725
-0.44658, 0.49689, -1.84654, 0.26515, 0.49093, -1.84266, -0.07029, 0.95343, -2.61466, -0.00786, 0.92157, -2.62783
-0.45106, 0.49476, -1.84993, 0.26797, 0.48808, -1.84577, -0.07116, 0.95347, -2.61420, -0.00730, 0.92145, -2.62850
-0.45547, 0.49270, -1.85344, 0.27081, 0.48529, -1.84891, -0.07134, 0.95343, -2.61370, -0.00749, 0.92133, -2.62924
-0.45991, 0.49072, -1.85688, 0.27355, 0.48261, -1.85203, -0.07089, 0.95322, -2.61341, -0.00806, 0.92126, -2.62999
-0.46425, 0.48877, -1.86031, 0.27627, 0.47999, -1.85525, -0.06946, 0.95269, -2.61354, -0.00888, 0.92120, -2.63069
-0.46856, 0.48690, -1.86358, 0.27890, 0.47748, -1.85837, -0.06652, 0.95163, -2.61457, -0.00983, 0.92115, -2.63128
-0.47271, 0.48504, -1.86677, 0.28165, 0.47508, -1.86156, -0.06289, 0.95039, -2.61593, -0.01071, 0.92111, -2.63180
-0.47671, 0.48319, -1.86995, 0.28450, 0.47278, -1.86484, -0.05951, 0.94918, -2.61720, -0.01147, 0.92100, -2.63219
-0.48050, 0.48137, -1.87320, 0.28776, 0.47062, -1.86839, -0.05721, 0.94837, -2.61790, -0.01165, 0.92083, -2.63256
-0.48405, 0.47953, -1.87642, 0.29130, 0.46862, -1.87204, -0.05604, 0.94788, -2.61808, -0.01142, 0.92058, -2.63288
-0.48746, 0.47769, -1.87968, 0.29492, 0.46669, -1.87579, -0.05604, 0.94769, -2.61795, -0.01094, 0.92033, -2.63314
-0.49069, 0.47585, -1.88284, 0.29854, 0.46489, -1.87946, -0.05778, 0.94793, -2.61743, -0.01036, 0.92014, -2.63334
-0.49376, 0.47395, -1.88596, 0.30200, 0.46311, -1.88307, -0.06153, 0.94859, -2.61653, -0.00973, 0.92004, -2.63351
-0.49677, 0.47207, -1.88902, 0.30539, 0.46137, -1.88657, -0.06565, 0.94937, -2.61557, -0.00926, 0.92000, -2.63363
-0.49991, 0.47029, -1.89200, 0.30840, 0.45971, -1.88992, -0.06898, 0.94992, -2.61476, -0.00922, 0.92002, -2.63377
-0.50358, 0.46870, -1.89494, 0.31067, 0.45801, -1.89305, -0.07022, 0.94991, -2.61462, -0.01002, 0.92016, -2.63397
-0.50741, 0.46722, -1.89780, 0.31248, 0.45635, -1.89602, -0.07044, 0.94962, -2.61476, -0.01130, 0.92033, -2.63412
-0.51143, 0.46587, -1.90058, 0.31372, 0.45473, -1.89887, -0.07069, 0.94924, -2.61502, -0.01291, 0.92055, -2.63424
-0.51568, 0.46469, -1.90322, 0.31432, 0.45321, -1.90165, -0.07188, 0.94896, -2.61525, -0.01486, 0.92078, -2.63426
-0.52000, 0.46367, -1.90568, 0.31437, 0.45179, -1.90432, -0.07383, 0.94878, -2.61543, -0.01696, 0.92104, -2.63418
-0.52409, 0.46270, -1.90798, 0.31431, 0.45049, -1.90689, -0.07581, 0.94861, -2.61554, -0.01900, 0.92127, -2.63396
-0.52767, 0.46183, -1.91001, 0.31427, 0.44932, -1.90933, -0.07770, 0.94842, -2.61565, -0.02063, 0.92149, -2.63352
-0.53076, 0.46098, -1.91180, 0.31439, 0.44832, -1.91166, -0.07904, 0.94819, -2.61569, -0.02180, 0.92167, -2.63289
-0.53321, 0.46018, -1.91337, 0.31473, 0.44746, -1.91388, -0.08016, 0.94796, -2.61568, -0.02259, 0.92185, -2.63212
-0.53498, 0.45937, -1.91472, 0.31541, 0.44671, -1.91592, -0.08082, 0.94770, -2.61568, -0.02314, 0.92201, -2.63131
-0.53578, 0.45851, -1.91573, 0.31666, 0.44607, -1.91771, -0.08091, 0.94741, -2.61579, -0.02356, 0.92217, -2.63056
-0.53610, 0.45769, -1.91663, 0.31816, 0.44554, -1.91938, -0.08077, 0.94715, -2.61588, -0.02404, 0.92232, -2.62985
-0.53597, 0.45693, -1.91739, 0.31977, 0.44516, -1.92092, -0.08055, 0.94695, -2.61592, -0.02464, 0.92247, -2.62911
-0.53581, 0.45629, -1.91813, 0.32114, 0.44500, -1.92242, -0.08075, 0.94691, -2.61592, -0.02583, 0.92262, -2.62853
-0.53560, 0.45582, -1.91889, 0.32236, 0.44503, -1.92387, -0.08109, 0.94695, -2.61583, -0.02749, 0.92276, -2.62795
-0.53538, 0.45550, -1.91972, 0.32350, 0.44521, -1.92532, -0.08150, 0.94705, -2.61573, -0.02926, 0.92288, -2.62744
-0.53516, 0.45543, -1.92064, 0.32455, 0.44555, -1.92675, -0.08176, 0.94717, -2.61557, -0.03108, 0.92298, -2.62695
-0.53510, 0.45561, -1.92171, 0.32547, 0.44606, -1.92815, -0.08178, 0.94726, -2.61537, -0.03282, 0.92306, -2.62653
-0.53502, 0.45599, -1.92285, 0.32637, 0.44667, -1.92953, -0.08171, 0.94739, -2.61515, -0.03438, 0.92316, -2.62607
-0.53488, 0.45651, -1.92400, 0.32723, 0.44734, -1.93086, -0.08135, 0.94746, -2.61488, -0.03558, 0.92327, -2.62564
-0.53448, 0.45721, -1.92514, 0.32823, 0.44805, -1.93214, -0.08074, 0.94751, -2.61448, -0.03609, 0.92343, -2.62514
-0.53422, 0.45804, -1.92624, 0.32904, 0.44879, -1.93329, -0.08008, 0.94756, -2.61407, -0.03637, 0.92361, -2.62464
-0.53393, 0.45894, -1.92738, 0.32991, 0.44961, -1.93449, -0.07939, 0.94762, -2.61362, -0.03641, 0.92383, -2.62421
-0.53398, 0.45994, -1.92861, 0.33057, 0.45053, -1.93575, -0.07896, 0.94772, -2.61311, -0.03662, 0.92408, -2.62380
-0.53428, 0.46099, -1.92995, 0.33112, 0.45151, -1.93707, -0.07858, 0.94786, -2.61263, -0.03696, 0.92435, -2.62352
-0.53466, 0.46204, -1.93124, 0.33164, 0.45254, -1.93835, -0.07823, 0.94800, -2.61214, -0.03747, 0.92462, -2.62334
-0.53533, 0.46311, -1.93253, 0.33196, 0.45353, -1.93954, -0.07788, 0.94813, -2.61159, -0.03837, 0.92490, -2.62328
-0.53614, 0.46416, -1.93376, 0.33218, 0.45452, -1.94063, -0.07758, 0.94829, -2.61113, -0.03982, 0.92515, -2.62332
-0.53705, 0.46513, -1.93490, 0.33234, 0.45544, -1.94165, -0.07724, 0.94841, -2.61064, -0.04150, 0.92536, -2.62337
-0.53788, 0.46606, -1.93593, 0.33245, 0.45628, -1.94249, -0.07689, 0.94855, -2.61013, -0.04328, 0.92554, -2.62339
-0.53859, 0.46686, -1.93683, 0.33253, 0.45697, -1.94324, -0.07650, 0.94866, -2.60956, -0.04507, 0.92565, -2.62331
-0.53908, 0.46758, -1.93756, 0.33255, 0.45754, -1.94381, -0.07619, 0.94875, -2.60901, -0.04674, 0.92572, -2.62314
-0.53958, 0.46817, -1.93826, 0.33272, 0.45798, -1.94437, -0.07577, 0.94883, -2.60846, -0.04808, 0.92578, -2.62289
-0.54003, 0.46865, -1.93897, 0.33291, 0.45825, -1.94492, -0.07538, 0.94883, -2.60796, -0.04883, 0.92584, -2.62258
-0.54045, 0.46901, -1.93976, 0.33329, 0.45838, -1.94556, -0.07486, 0.94880, -2.60746, -0.04907, 0.92593, -2.62225
-0.54079, 0.46928, -1.94051, 0.33378, 0.45843, -1.94616, -0.07420, 0.94874, -2.60706, -0.04909, 0.92600, -2.62197
-0.54105, 0.46946, -1.94121, 0.33438, 0.45838, -1.94673, -0.07335, 0.94861, -2.60669, -0.04911, 0.92607, -2.62162
-0.54127, 0.46959, -1.94191, 0.33513, 0.45830, -1.94730, -0.07225, 0.94848, -2.60642, -0.04929, 0.92610, -2.62134
-0.54156, 0.46966, -1.94264, 0.33591, 0.45816, -1.94791, -0.07124, 0.94832, -2.60613, -0.04969, 0.92612, -2.62110
-0.54178, 0.46970, -1.94324, 0.33665, 0.45804, -1.94838, -0.07044, 0.94823, -2.60590, -0.05040, 0.92613, -2.62098
-0.54205, 0.46971, -1.94365, 0.33732, 0.45794, -1.94870, -0.07013, 0.94825, -2.60572, -0.05180, 0.92609, -2.62095
-0.54236, 0.46971, -1.94405, 0.33791, 0.45787, -1.94904, -0.07029, 0.94833, -2.60555, -0.05340, 0.92604, -2.62100
-0.54270, 0.46964, -1.94451, 0.33847, 0.45782, -1.94947, -0.07069, 0.94846, -2.60536, -0.05502, 0.92596, -2.62106
-0.54288, 0.46957, -1.94512, 0.33915, 0.45780, -1.95011, -0.07138, 0.94866, -2.60504, -0.05633, 0.92592, -2.62116
-0.54301, 0.46944, -1.94587, 0.33977, 0.45782, -1.95098, -0.07245, 0.94892, -2.60475, -0.05731, 0.92589, -2.62133
-0.54308, 0.46931, -1.94672, 0.34048, 0.45785, -1.95196, -0.07334, 0.94915, -2.60445, -0.05797, 0.92586, -2.62145
-0.54303, 0.46915, -1.94765, 0.34126, 0.45798, -1.95312, -0.07387, 0.94930, -2.60418, -0.05806, 0.92586, -2.62155
-0.54287, 0.46899, -1.94871, 0.34211, 0.45815, -1.95443, -0.07393, 0.94934, -2.60398, -0.05765, 0.92584, -2.62157
-0.54271, 0.46884, -1.94969, 0.34284, 0.45836, -1.95571, -0.07365, 0.94933, -2.60383, -0.05701, 0.92584, -2.62162
-0.54244, 0.46876, -1.95064, 0.34357, 0.45861, -1.95696, -0.07319, 0.94928, -2.60366, -0.05662, 0.92584, -2.62168
-0.54203, 0.46876, -1.95146, 0.34414, 0.45890, -1.95801, -0.07242, 0.94921, -2.60355, -0.05670, 0.92580, -2.62182
-0.54166, 0.46884, -1.95222, 0.34458, 0.45920, -1.95896, -0.07159, 0.94914, -2.60342, -0.05719, 0.92576, -2.62202
-0.54127, 0.46890, -1.95288, 0.34511, 0.45954, -1.95984, -0.07080, 0.94910, -2.60321, -0.05797, 0.92569, -2.62223
-0.54100, 0.46895, -1.95352, 0.34568, 0.45985, -1.96063, -0.07019, 0.94912, -2.60281, -0.05930, 0.92564, -2.62246
-0.54088, 0.46899, -1.95403, 0.34623, 0.46017, -1.96128, -0.06990, 0.94922, -2.60232, -0.06093, 0.92557, -2.62270
-0.54088, 0.46901, -1.95454, 0.34677, 0.46051, -1.96195, -0.06968, 0.94935, -2.60177, -0.06257, 0.92550, -2.62289
-0.54087, 0.46902, -1.95506, 0.34739, 0.46085, -1.96263, -0.06967, 0.94952, -2.60118, -0.06387, 0.92548, -2.62304
-0.54099, 0.46900, -1.95566, 0.34800, 0.46117, -1.96342, -0.06978, 0.94969, -2.60053, -0.06461, 0.92547, -2.62299
-0.54102, 0.46898, -1.95620, 0.34865, 0.46152, -1.96420, -0.06987, 0.94983, -2.59985, -0.06496, 0.92549, -2.62287
-0.54105, 0.46900, -1.95676, 0.34916, 0.46185, -1.96499, -0.06959, 0.94987, -2.59928, -0.06488, 0.92552, -2.62274
-0.54074, 0.46914, -1.95738, 0.34971, 0.46221, -1.96583, -0.06869, 0.94969, -2.59875, -0.06419, 0.92555, -2.62254
-0.54039, 0.46934, -1.95801, 0.35017, 0.46253, -1.96663, -0.06733, 0.94938, -2.59824, -0.06323, 0.92560, -2.62232
-0.54000, 0.46957, -1.95864, 0.35057, 0.46287, -1.96742, -0.06561, 0.94892, -2.59778, -0.06226, 0.92563, -2.62209
-0.53959, 0.46989, -1.95920, 0.35091, 0.46321, -1.96801, -0.06323, 0.94822, -2.59741, -0.06157, 0.92565, -2.62190
-0.53933, 0.47025, -1.95976, 0.35112, 0.46356, -1.96856, -0.06053, 0.94740, -2.59706, -0.06118, 0.92563, -2.62171
-0.53907, 0.47061, -1.96025, 0.35141, 0.46389, -1.96900, -0.05785, 0.94658, -2.59675, -0.06110, 0.92564, -2.62159
-0.53900, 0.47087, -1.96088, 0.35176, 0.46424, -1.96962, -0.05565, 0.94593, -2.59643, -0.06120, 0.92565, -2.62147
-0.53893, 0.47104, -1.96155, 0.35241, 0.46459, -1.97034, -0.05402, 0.94554, -2.59609, -0.06169, 0.92569, -2.62137
-0.53898, 0.47115, -1.96220, 0.35307, 0.46493, -1.97111, -0.05288, 0.94528, -2.59581, -0.06231, 0.92575, -2.62128
-0.53888, 0.47120, -1.96284, 0.35403, 0.46527, -1.97190, -0.05196, 0.94517, -2.59550, -0.06285, 0.92579, -2.62121
-0.53875, 0.47120, -1.96341, 0.35496, 0.46556, -1.97266, -0.05153, 0.94517, -2.59518, -0.06321, 0.92583, -2.62112
-0.53835, 0.47116, -1.96387, 0.35611, 0.46583, -1.97336, -0.05139, 0.94527, -2.59485, -0.06348, 0.92588, -2.62104
-0.53772, 0.47110, -1.96426, 0.35731, 0.46607, -1.97400, -0.05157, 0.94546, -2.59446, -0.06367, 0.92591, -2.62094
-0.53678, 0.47113, -1.96458, 0.35849, 0.46627, -1.97448, -0.05199, 0.94572, -2.59391, -0.06368, 0.92591, -2.62084
-0.53568, 0.47115, -1.96486, 0.35961, 0.46645, -1.97492, -0.05280, 0.94603, -2.59321, -0.06378, 0.92588, -2.62071
-0.53440, 0.47120, -1.96514, 0.36077, 0.46660, -1.97537, -0.05425, 0.94642, -2.59270, -0.06394, 0.92584, -2.62059
-0.53316, 0.47121, -1.96545, 0.36191, 0.46677, -1.97586, -0.05661, 0.94690, -2.59260, -0.06439, 0.92585, -2.62054
-0.53203, 0.47119, -1.96582, 0.36293, 0.46694, -1.97646, -0.06022, 0.94750, -2.59309, -0.06524, 0.92585, -2.62047
-0.53096, 0.47114, -1.96625, 0.36407, 0.46709, -1.97712, -0.06422, 0.94811, -2.59382, -0.06615, 0.92586, -2.62044
-0.52994, 0.47106, -1.96661, 0.36529, 0.46724, -1.97769, -0.06807, 0.94868, -2.59468, -0.06701, 0.92586, -2.62044
-0.52921, 0.47095, -1.96693, 0.36643, 0.46738, -1.97822, -0.07154, 0.94910, -2.59565, -0.06777, 0.92591, -2.62048
-0.52855, 0.47079, -1.96730, 0.36762, 0.46747, -1.97872, -0.07438, 0.94942, -2.59653, -0.06841, 0.92591, -2.62049
-0.52804, 0.47064, -1.96762, 0.36875, 0.46754, -1.97917, -0.07657, 0.94963, -2.59715, -0.06898, 0.92593, -2.62053
-0.52745, 0.47040, -1.96787, 0.36988, 0.46755, -1.97954, -0.07747, 0.94973, -2.59717, -0.06921, 0.92594, -2.62048
-0.52680, 0.47019, -1.96813, 0.37111, 0.46751, -1.97986, -0.07731, 0.94976, -2.59672, -0.06920, 0.92591, -2.62043
-0.52606, 0.46994, -1.96838, 0.37230, 0.46747, -1.98021, -0.07683, 0.94976, -2.59620, -0.06916, 0.92589, -2.62037
-0.52504, 0.46975, -1.96858, 0.37342, 0.46747, -1.98055, -0.07650, 0.94980, -2.59593, -0.06920, 0.92585, -2.62036
-0.52378, 0.46959, -1.96885, 0.37468, 0.46746, -1.98094, -0.07656, 0.94991, -2.59615, -0.06952, 0.92583, -2.62045
-0.52236, 0.46948, -1.96908, 0.37587, 0.46749, -1.98130, -0.07697, 0.95011, -2.59654, -0.06989, 0.92581, -2.62057
-0.52107, 0.46938, -1.96933, 0.37698, 0.46753, -1.98174, -0.07760, 0.95033, -2.59698, -0.07050, 0.92580, -2.62071
-0.51993, 0.46935, -1.96957, 0.37798, 0.46760, -1.98211, -0.07879, 0.95070, -2.59744, -0.07129, 0.92581, -2.62087
-0.51895, 0.46932, -1.96980, 0.37889, 0.46770, -1.98248, -0.08017, 0.95111, -2.59786, -0.07215, 0.92585, -2.62103
-0.51821, 0.46933, -1.97009, 0.37967, 0.46783, -1.98289, -0.08130, 0.95150, -2.59814, -0.07314, 0.92587, -2.62113
-0.51789, 0.46936, -1.97045, 0.38033, 0.46801, -1.98338, -0.08201, 0.95180, -2.59814, -0.07424, 0.92589, -2.62117
-0.51778, 0.46942, -1.97088, 0.38093, 0.46826, -1.98395, -0.08217, 0.95201, -2.59790, -0.07529, 0.92591, -2.62113
-0.51776, 0.46947, -1.97137, 0.38157, 0.46853, -1.98456, -0.08192, 0.95216, -2.59762, -0.07613, 0.92592, -2.62107
-0.51770, 0.46956, -1.97189, 0.38221, 0.46878, -1.98511, -0.08124, 0.95220, -2.59745, -0.07671, 0.92595, -2.62101
-0.51747, 0.46965, -1.97243, 0.38310, 0.46907, -1.98572, -0.08014, 0.95214, -2.59739, -0.07683, 0.92599, -2.62097
-0.51721, 0.46979, -1.97300, 0.38388, 0.46937, -1.98631, -0.07910, 0.95208, -2.59743, -0.07685, 0.92605, -2.62091
-0.51671, 0.46996, -1.97356, 0.38481, 0.46967, -1.98689, -0.07827, 0.95210, -2.59748, -0.07675, 0.92611, -2.62094
-0.51595, 0.47016, -1.97404, 0.38561, 0.46996, -1.98741, -0.07817, 0.95229, -2.59758, -0.07677, 0.92617, -2.62096
-0.51496, 0.47038, -1.97446, 0.38641, 0.47026, -1.98790, -0.07853, 0.95261, -2.59772, -0.07686, 0.92622, -2.62106
-0.51391, 0.47061, -1.97488, 0.38729, 0.47056, -1.98837, -0.07927, 0.95306, -2.59781, -0.07713, 0.92628, -2.62117
-0.51288, 0.47082, -1.97527, 0.38804, 0.47087, -1.98889, -0.08070, 0.95369, -2.59792, -0.07794, 0.92631, -2.62130
-0.51191, 0.47103, -1.97558, 0.38878, 0.47119, -1.98937, -0.08259, 0.95444, -2.59801, -0.07897, 0.92634, -2.62146
-0.51106, 0.47123, -1.97586, 0.38948, 0.47150, -1.98984, -0.08454, 0.95519, -2.59806, -0.08006, 0.92638, -2.62155
-0.51050, 0.47137, -1.97610, 0.39010, 0.47180, -1.99023, -0.08619, 0.95582, -2.59808, -0.08108, 0.92645, -2.62161
-0.51033, 0.47145, -1.97634, 0.39057, 0.47206, -1.99061, -0.08735, 0.95629, -2.59808, -0.08179, 0.92657, -2.62155
-0.51026, 0.47148, -1.97658, 0.39104, 0.47229, -1.99097, -0.08822, 0.95664, -2.59808, -0.08244, 0.92670, -2.62142
-0.51020, 0.47157, -1.97679, 0.39155, 0.47254, -1.99124, -0.08874, 0.95688, -2.59802, -0.08274, 0.92681, -2.62129
-0.50997, 0.47167, -1.97701, 0.39212, 0.47276, -1.99145, -0.08873, 0.95697, -2.59789, -0.08274, 0.92691, -2.62119
-0.50981, 0.47183, -1.97723, 0.39261, 0.47299, -1.99162, -0.08859, 0.95699, -2.59776, -0.08262, 0.92697, -2.62110
-0.50948, 0.47197, -1.97751, 0.39327, 0.47321, -1.99183, -0.08813, 0.95697, -2.59760, -0.08241, 0.92701, -2.62104
-0.50910, 0.47211, -1.97780, 0.39390, 0.47343, -1.99215, -0.08778, 0.95697, -2.59751, -0.08231, 0.92701, -2.62105
-0.50859, 0.47227, -1.97821, 0.39458, 0.47363, -1.99257, -0.08737, 0.95699, -2.59751, -0.08225, 0.92695, -2.62109
-0.50812, 0.47244, -1.97863, 0.39518, 0.47381, -1.99300, -0.08701, 0.95701, -2.59752, -0.08227, 0.92690, -2.62116
-0.50756, 0.47263, -1.97897, 0.39564, 0.47399, -1.99337, -0.08668, 0.95700, -2.59751, -0.08227, 0.92687, -2.62119
-0.50693, 0.47286, -1.97924, 0.39586, 0.47414, -1.99363, -0.08656, 0.95702, -2.59757, -0.08234, 0.92686, -2.62119
-0.50630, 0.47305, -1.97941, 0.39607, 0.47429, -1.99388, -0.08647, 0.95703, -2.59763, -0.08244, 0.92688, -2.62112
-0.50577, 0.47318, -1.97955, 0.39617, 0.47438, -1.99407, -0.08654, 0.95703, -2.59768, -0.08240, 0.92691, -2.62107
-0.50544, 0.47319, -1.97962, 0.39631, 0.47440, -1.99419, -0.08677, 0.95704, -2.59771, -0.08226, 0.92696, -2.62096
-0.50540, 0.47313, -1.97970, 0.39637, 0.47436, -1.99436, -0.08719, 0.95701, -2.59772, -0.08218, 0.92703, -2.62082
-0.50538, 0.47298, -1.97976, 0.39650, 0.47432, -1.99452, -0.08758, 0.95700, -2.59773, -0.08194, 0.92708, -2.62067
-0.50569, 0.47278, -1.97988, 0.39661, 0.47423, -1.99474, -0.08787, 0.95701, -2.59772, -0.08174, 0.92712, -2.62057
-0.50618, 0.47255, -1.98008, 0.39667, 0.47412, -1.99506, -0.08823, 0.95699, -2.59770, -0.08153, 0.92714, -2.62049
-0.50649, 0.47232, -1.98023, 0.39682, 0.47403, -1.99532, -0.08841, 0.95699, -2.59769, -0.08132, 0.92717, -2.62049
-0.50659, 0.47221, -1.98041, 0.39682, 0.47394, -1.99559, -0.08859, 0.95696, -2.59770, -0.08130, 0.92719, -2.62048
-0.50615, 0.47224, -1.98051, 0.39678, 0.47387, -1.99570, -0.08868, 0.95696, -2.59776, -0.08137, 0.92719, -2.62055
-0.50564, 0.47232, -1.98058, 0.39667, 0.47385, -1.99581, -0.08870, 0.95695, -2.59791, -0.08153, 0.92719, -2.62059
-0.50512, 0.47239, -1.98064, 0.39655, 0.47384, -1.99591, -0.08873, 0.95693, -2.59804, -0.08174, 0.92720, -2.62064
-0.50496, 0.47240, -1.98074, 0.39641, 0.47382, -1.99599, -0.08875, 0.95688, -2.59821, -0.08206, 0.92721, -2.62064
-0.50503, 0.47239, -1.98083, 0.39620, 0.47383, -1.99609, -0.08896, 0.95682, -2.59837, -0.08231, 0.92724, -2.62058
-0.50516, 0.47235, -1.98098, 0.39604, 0.47380, -1.99625, -0.08910, 0.95673, -2.59853, -0.08246, 0.92727, -2.62050
-0.50551, 0.47224, -1.98116, 0.39586, 0.47375, -1.99646, -0.08925, 0.95666, -2.59857, -0.08241, 0.92730, -2.62041
-0.50593, 0.47211, -1.98137, 0.39582, 0.47366, -1.99675, -0.08944, 0.95657, -2.59854, -0.08228, 0.92734, -2.62030
-0.50621, 0.47198, -1.98155, 0.39586, 0.47362, -1.99700, -0.08955, 0.95651, -2.59849, -0.08203, 0.92737, -2.62020
-0.50636, 0.47190, -1.98170, 0.39601, 0.47358, -1.99722, -0.08971, 0.95646, -2.59841, -0.08186, 0.92742, -2.62007
-0.50621, 0.47189, -1.98179, 0.39627, 0.47361, -1.99733, -0.08984, 0.95648, -2.59832, -0.08179, 0.92745, -2.62002
-0.50606, 0.47191, -1.98186, 0.39657, 0.47367, -1.99741, -0.08993, 0.95649, -2.59823, -0.08173, 0.92747, -2.61992
-0.50582, 0.47200, -1.98198, 0.39684, 0.47376, -1.99751, -0.08995, 0.95651, -2.59823, -0.08169, 0.92749, -2.61992
-0.50574, 0.47213, -1.98211, 0.39684, 0.47390, -1.99757, -0.08985, 0.95654, -2.59828, -0.08178, 0.92749, -2.61993
-0.50567, 0.47232, -1.98223, 0.39681, 0.47406, -1.99761, -0.08979, 0.95657, -2.59843, -0.08179, 0.92753, -2.61997
-0.50572, 0.47250, -1.98240, 0.39660, 0.47424, -1.99772, -0.08967, 0.95660, -2.59860, -0.08182, 0.92753, -2.61997
-0.50562, 0.47271, -1.98256, 0.39642, 0.47435, -1.99788, -0.08955, 0.95657, -2.59877, -0.08144, 0.92757, -2.61998
-0.50563, 0.47288, -1.98270, 0.39618, 0.47446, -1.99809, -0.08947, 0.95653, -2.59900, -0.08098, 0.92762, -2.61998
-0.50568, 0.47309, -1.98285, 0.39585, 0.47454, -1.99829, -0.08947, 0.95646, -2.59920, -0.08048, 0.92770, -2.61996
