base_lf1, lf1_lf2, lf2_lf3, base_rf1, rf1_rf2, rf2_rf3, base_rb1, rb1_rb2, rb2_rb3, base_lb1, lb1_lb2, lb2_lb3
-0.09611, 1.01940, -1.39804, 0.14913, 0.91201, -1.42911, 0.25039, 0.91294, -1.66495, -0.20595, 0.95415, -1.70014
-0.09599, 1.01940, -1.39879, 0.14931, 0.91203, -1.43004, 0.25045, 0.91264, -1.66512, -0.20597, 0.95391, -1.70057
-0.09595, 1.01934, -1.39962, 0.14944, 0.91198, -1.43107, 0.25050, 0.91228, -1.66529, -0.20591, 0.95355, -1.70087
-0.09598, 1.01924, -1.40046, 0.14945, 0.91191, -1.43208, 0.25045, 0.91191, -1.66539, -0.20585, 0.95315, -1.70105
-0.09602, 1.01909, -1.40134, 0.14947, 0.91178, -1.43315, 0.25050, 0.91148, -1.66547, -0.20567, 0.95266, -1.70107
-0.09616, 1.01891, -1.40222, 0.14934, 0.91164, -1.43420, 0.25050, 0.91104, -1.66555, -0.20553, 0.95214, -1.70090
-0.09626, 1.01873, -1.40308, 0.14923, 0.91147, -1.43520, 0.25049, 0.91058, -1.66560, -0.20541, 0.95166, -1.70066
-0.09642, 1.01859, -1.40385, 0.14910, 0.91133, -1.43617, 0.25055, 0.91016, -1.66571, -0.20547, 0.95121, -1.70048
-0.09650, 1.01853, -1.40446, 0.14898, 0.91127, -1.43699, 0.25069, 0.90985, -1.66591, -0.20567, 0.95094, -1.70034
-0.09665, 1.01850, -1.40503, 0.14883, 0.91122, -1.43777, 0.25080, 0.90959, -1.66617, -0.20598, 0.95072, -1.70025
-0.09688, 1.01853, -1.40554, 0.14861, 0.91122, -1.43852, 0.25088, 0.90934, -1.66646, -0.20631, 0.95057, -1.70020
-0.09713, 1.01862, -1.40593, 0.14830, 0.91126, -1.43918, 0.25093, 0.90919, -1.66682, -0.20665, 0.95057, -1.70026
-0.09744, 1.01875, -1.40633, 0.14793, 0.91132, -1.43982, 0.25096, 0.90905, -1.66717, -0.20694, 0.95059, -1.70041
-0.09777, 1.01890, -1.40665, 0.14752, 0.91140, -1.44039, 0.25097, 0.90890, -1.66748, -0.20719, 0.95066, -1.70055
-0.09822, 1.01903, -1.40698, 0.14701, 0.91145, -1.44097, 0.25084, 0.90874, -1.66779, -0.20736, 0.95071, -1.70059
-0.09864, 1.01916, -1.40725, 0.14656, 0.91148, -1.44138, 0.25075, 0.90855, -1.66798, -0.20738, 0.95077, -1.70057
-0.09915, 1.01929, -1.40754, 0.14595, 0.91150, -1.44181, 0.25059, 0.90835, -1.66818, -0.20740, 0.95081, -1.70048
-0.09965, 1.01936, -1.40783, 0.14537, 0.91149, -1.44217, 0.25051, 0.90817, -1.66833, -0.20741, 0.95084, -1.70029
-0.10011, 1.01942, -1.40822, 0.14476, 0.91147, -1.44247, 0.25047, 0.90806, -1.66847, -0.20740, 0.95092, -1.70007
-0.10060, 1.01946, -1.40859, 0.14415, 0.91145, -1.44279, 0.25048, 0.90794, -1.66860, -0.20731, 0.95098, -1.69977
-0.10116, 1.01955, -1.40890, 0.14343, 0.91151, -1.44298, 0.25049, 0.90786, -1.66878, -0.20723, 0.95112, -1.69950
-0.10172, 1.01975, -1.40912, 0.14267, 0.91164, -1.44310, 0.25057, 0.90790, -1.66903, -0.20706, 0.95137, -1.69924
-0.10233, 1.02000, -1.40931, 0.14185, 0.91180, -1.44321, 0.25067, 0.90794, -1.66931, -0.20689, 0.95164, -1.69898
-0.10307, 1.02025, -1.40948, 0.14089, 0.91198, -1.44332, 0.25064, 0.90800, -1.66960, -0.20675, 0.95191, -1.69870
-0.10388, 1.02049, -1.40969, 0.13995, 0.91211, -1.44350, 0.25053, 0.90801, -1.66985, -0.20664, 0.95212, -1.69844
-0.10476, 1.02070, -1.40990, 0.13898, 0.91221, -1.44374, 0.25036, 0.90803, -1.67006, -0.20657, 0.95227, -1.69815
-0.10566, 1.02089, -1.41018, 0.13800, 0.91227, -1.44402, 0.25012, 0.90802, -1.67022, -0.20650, 0.95238, -1.69787
-0.10664, 1.02101, -1.41058, 0.13697, 0.91233, -1.44435, 0.24979, 0.90796, -1.67040, -0.20647, 0.95245, -1.69761
-0.10764, 1.02107, -1.41112, 0.13599, 0.91232, -1.44473, 0.24947, 0.90787, -1.67053, -0.20640, 0.95252, -1.69739
-0.10865, 1.02108, -1.41175, 0.13501, 0.91231, -1.44511, 0.24916, 0.90777, -1.67067, -0.20637, 0.95255, -1.69716
-0.10965, 1.02109, -1.41249, 0.13403, 0.91230, -1.44546, 0.24893, 0.90765, -1.67087, -0.20632, 0.95267, -1.69692
-0.11067, 1.02113, -1.41334, 0.13298, 0.91230, -1.44588, 0.24877, 0.90753, -1.67110, -0.20635, 0.95282, -1.69667
-0.11172, 1.02118, -1.41435, 0.13191, 0.91231, -1.44626, 0.24865, 0.90743, -1.67140, -0.20643, 0.95301, -1.69632
-0.11276, 1.02124, -1.41545, 0.13088, 0.91234, -1.44665, 0.24870, 0.90731, -1.67169, -0.20643, 0.95322, -1.69601
-0.11381, 1.02141, -1.41657, 0.12993, 0.91242, -1.44698, 0.24886, 0.90726, -1.67200, -0.20636, 0.95349, -1.69564
-0.11498, 1.02157, -1.41791, 0.12890, 0.91251, -1.44735, 0.24902, 0.90721, -1.67229, -0.20631, 0.95373, -1.69520
-0.11621, 1.02171, -1.41947, 0.12796, 0.91261, -1.44765, 0.24929, 0.90719, -1.67261, -0.20616, 0.95400, -1.69487
-0.11751, 1.02170, -1.42154, 0.12704, 0.91272, -1.44797, 0.24947, 0.90716, -1.67287, -0.20595, 0.95419, -1.69454
-0.11889, 1.02152, -1.42411, 0.12626, 0.91283, -1.44823, 0.24965, 0.90714, -1.67311, -0.20553, 0.95438, -1.69429
-0.12042, 1.02118, -1.42723, 0.12552, 0.91292, -1.44862, 0.24981, 0.90707, -1.67334, -0.20506, 0.95449, -1.69413
-0.12205, 1.02069, -1.43081, 0.12476, 0.91297, -1.44912, 0.24993, 0.90690, -1.67354, -0.20462, 0.95449, -1.69400
-0.12393, 1.02006, -1.43483, 0.12397, 0.91300, -1.45000, 0.24994, 0.90653, -1.67380, -0.20428, 0.95432, -1.69391
-0.12590, 1.01918, -1.43971, 0.12316, 0.91302, -1.45101, 0.24989, 0.90607, -1.67410, -0.20405, 0.95410, -1.69389
-0.12791, 1.01790, -1.44607, 0.12248, 0.91304, -1.45219, 0.24994, 0.90558, -1.67446, -0.20381, 0.95385, -1.69393
-0.12971, 1.01596, -1.45483, 0.12196, 0.91310, -1.45355, 0.25012, 0.90511, -1.67498, -0.20369, 0.95368, -1.69402
-0.13145, 1.01343, -1.46583, 0.12170, 0.91321, -1.45497, 0.25053, 0.90463, -1.67559, -0.20348, 0.95357, -1.69421
-0.13365, 1.01051, -1.47838, 0.12161, 0.91331, -1.45650, 0.25107, 0.90416, -1.67624, -0.20326, 0.95344, -1.69443
-0.13698, 1.00740, -1.49254, 0.12166, 0.91343, -1.45816, 0.25168, 0.90361, -1.67699, -0.20297, 0.95327, -1.69464
-0.14168, 1.00410, -1.50812, 0.12186, 0.91356, -1.45988, 0.25241, 0.90309, -1.67783, -0.20255, 0.95310, -1.69491
-0.14729, 1.00057, -1.52452, 0.12205, 0.91371, -1.46181, 0.25312, 0.90248, -1.67875, -0.20221, 0.95283, -1.69522
-0.15357, 0.99670, -1.54142, 0.12210, 0.91386, -1.46409, 0.25377, 0.90182, -1.67973, -0.20190, 0.95244, -1.69560
-0.16042, 0.99251, -1.55835, 0.12173, 0.91400, -1.46696, 0.25423, 0.90100, -1.68086, -0.20178, 0.95181, -1.69606
-0.16766, 0.98796, -1.57514, 0.12111, 0.91416, -1.47017, 0.25448, 0.90014, -1.68209, -0.20184, 0.95105, -1.69659
-0.17493, 0.98303, -1.59167, 0.12028, 0.91432, -1.47374, 0.25458, 0.89921, -1.68337, -0.20199, 0.95018, -1.69712
-0.18169, 0.97768, -1.60740, 0.11928, 0.91444, -1.47762, 0.25454, 0.89823, -1.68464, -0.20229, 0.94926, -1.69764
-0.18811, 0.97192, -1.62244, 0.11812, 0.91457, -1.48163, 0.25432, 0.89725, -1.68597, -0.20272, 0.94830, -1.69814
-0.19460, 0.96568, -1.63704, 0.11683, 0.91468, -1.48580, 0.25394, 0.89625, -1.68734, -0.20322, 0.94727, -1.69860
-0.20143, 0.95888, -1.65127, 0.11565, 0.91481, -1.48984, 0.25355, 0.89528, -1.68868, -0.20372, 0.94625, -1.69902
-0.20878, 0.95145, -1.66511, 0.11452, 0.91498, -1.49375, 0.25312, 0.89435, -1.69011, -0.20417, 0.94524, -1.69945
-0.21652, 0.94362, -1.67859, 0.11340, 0.91516, -1.49766, 0.25255, 0.89346, -1.69151, -0.20473, 0.94423, -1.69983
-0.22454, 0.93550, -1.69196, 0.11237, 0.91531, -1.50161, 0.25199, 0.89257, -1.69289, -0.20530, 0.94320, -1.70007
-0.23281, 0.92727, -1.70540, 0.11134, 0.91542, -1.50569, 0.25139, 0.89170, -1.69420, -0.20599, 0.94218, -1.70020
-0.24152, 0.91887, -1.71859, 0.11029, 0.91554, -1.50979, 0.25062, 0.89088, -1.69551, -0.20686, 0.94113, -1.70021
-0.25068, 0.91018, -1.73139, 0.10930, 0.91566, -1.51381, 0.24984, 0.89009, -1.69665, -0.20776, 0.94010, -1.70013
-0.26072, 0.90118, -1.74340, 0.10814, 0.91580, -1.51761, 0.24874, 0.88938, -1.69775, -0.20890, 0.93908, -1.69992
-0.27143, 0.89190, -1.75470, 0.10689, 0.91596, -1.52114, 0.24744, 0.88879, -1.69874, -0.21009, 0.93809, -1.69961
-0.28242, 0.88252, -1.76551, 0.10564, 0.91621, -1.52456, 0.24601, 0.88829, -1.69972, -0.21144, 0.93716, -1.69929
-0.29347, 0.87322, -1.77601, 0.10449, 0.91662, -1.52766, 0.24459, 0.88796, -1.70078, -0.21270, 0.93637, -1.69912
-0.30430, 0.86402, -1.78629, 0.10337, 0.91720, -1.53052, 0.24308, 0.88778, -1.70185, -0.21397, 0.93570, -1.69906
-0.31503, 0.85489, -1.79621, 0.10238, 0.91781, -1.53320, 0.24163, 0.88769, -1.70292, -0.21520, 0.93506, -1.69900
-0.32556, 0.84581, -1.80565, 0.10149, 0.91842, -1.53584, 0.24018, 0.88761, -1.70394, -0.21647, 0.93440, -1.69885
-0.33570, 0.83676, -1.81482, 0.10082, 0.91892, -1.53848, 0.23889, 0.88747, -1.70481, -0.21771, 0.93359, -1.69836
-0.34554, 0.82783, -1.82332, 0.10038, 0.91934, -1.54107, 0.23775, 0.88732, -1.70559, -0.21891, 0.93276, -1.69779
-0.35529, 0.81911, -1.83086, 0.09999, 0.91977, -1.54353, 0.23664, 0.88721, -1.70630, -0.22020, 0.93195, -1.69708
-0.36507, 0.81072, -1.83706, 0.09974, 0.92022, -1.54572, 0.23565, 0.88720, -1.70691, -0.22160, 0.93131, -1.69640
-0.37463, 0.80269, -1.84201, 0.09961, 0.92071, -1.54775, 0.23472, 0.88733, -1.70750, -0.22309, 0.93080, -1.69583
-0.38352, 0.79507, -1.84590, 0.09960, 0.92122, -1.54968, 0.23379, 0.88752, -1.70799, -0.22458, 0.93032, -1.69530
-0.39108, 0.78805, -1.84880, 0.09970, 0.92183, -1.55149, 0.23276, 0.88779, -1.70846, -0.22605, 0.92992, -1.69487
-0.39703, 0.78172, -1.85075, 0.09990, 0.92257, -1.55326, 0.23159, 0.88819, -1.70894, -0.22755, 0.92957, -1.69460
-0.40178, 0.77586, -1.85170, 0.10020, 0.92335, -1.55493, 0.23042, 0.88864, -1.70933, -0.22893, 0.92924, -1.69436
-0.40542, 0.77038, -1.85144, 0.10060, 0.92413, -1.55641, 0.22933, 0.88905, -1.70966, -0.23011, 0.92890, -1.69404
-0.40786, 0.76522, -1.84965, 0.10117, 0.92486, -1.55766, 0.22845, 0.88943, -1.70990, -0.23097, 0.92851, -1.69361
-0.40933, 0.76038, -1.84675, 0.10183, 0.92558, -1.55882, 0.22773, 0.88980, -1.71006, -0.23162, 0.92808, -1.69310
-0.40983, 0.75595, -1.84294, 0.10264, 0.92628, -1.55986, 0.22717, 0.89021, -1.71025, -0.23207, 0.92772, -1.69261
-0.40928, 0.75191, -1.83842, 0.10361, 0.92697, -1.56100, 0.22685, 0.89062, -1.71041, -0.23232, 0.92733, -1.69218
-0.40792, 0.74823, -1.83308, 0.10470, 0.92764, -1.56221, 0.22659, 0.89106, -1.71057, -0.23250, 0.92695, -1.69179
-0.40577, 0.74480, -1.82669, 0.10579, 0.92834, -1.56349, 0.22635, 0.89157, -1.71079, -0.23274, 0.92660, -1.69139
-0.40294, 0.74144, -1.81880, 0.10681, 0.92903, -1.56508, 0.22595, 0.89208, -1.71097, -0.23321, 0.92618, -1.69100
-0.39958, 0.73806, -1.80916, 0.10750, 0.92971, -1.56696, 0.22510, 0.89264, -1.71119, -0.23419, 0.92567, -1.69048
-0.39618, 0.73493, -1.79869, 0.10828, 0.93044, -1.56895, 0.22425, 0.89325, -1.71140, -0.23522, 0.92516, -1.69001
-0.39369, 0.73218, -1.78776, 0.10900, 0.93119, -1.57115, 0.22326, 0.89383, -1.71168, -0.23632, 0.92458, -1.68948
-0.39289, 0.73012, -1.77652, 0.10982, 0.93202, -1.57343, 0.22236, 0.89437, -1.71206, -0.23726, 0.92399, -1.68902
-0.39288, 0.72852, -1.76606, 0.11079, 0.93287, -1.57581, 0.22151, 0.89490, -1.71246, -0.23809, 0.92337, -1.68859
-0.39311, 0.72732, -1.75757, 0.11180, 0.93374, -1.57831, 0.22060, 0.89540, -1.71291, -0.23891, 0.92275, -1.68815
-0.39322, 0.72656, -1.75345, 0.11290, 0.93459, -1.58098, 0.21965, 0.89586, -1.71339, -0.23969, 0.92208, -1.68767
-0.39278, 0.72617, -1.75293, 0.11421, 0.93544, -1.58368, 0.21882, 0.89631, -1.71382, -0.24040, 0.92142, -1.68720
-0.39187, 0.72597, -1.75438, 0.11559, 0.93629, -1.58640, 0.21789, 0.89681, -1.71422, -0.24121, 0.92077, -1.68668
-0.38989, 0.72577, -1.75710, 0.11709, 0.93720, -1.58904, 0.21693, 0.89736, -1.71455, -0.24219, 0.92019, -1.68615
-0.38674, 0.72548, -1.76056, 0.11862, 0.93812, -1.59156, 0.21590, 0.89803, -1.71479, -0.24351, 0.91967, -1.68563
-0.38323, 0.72524, -1.76421, 0.12018, 0.93908, -1.59405, 0.21479, 0.89874, -1.71497, -0.24487, 0.91916, -1.68505
-0.37992, 0.72521, -1.76735, 0.12183, 0.94012, -1.59636, 0.21377, 0.89952, -1.71511, -0.24610, 0.91873, -1.68447
-0.37768, 0.72552, -1.76905, 0.12352, 0.94125, -1.59850, 0.21275, 0.90038, -1.71524, -0.24702, 0.91834, -1.68381
-0.37574, 0.72598, -1.77003, 0.12534, 0.94244, -1.60052, 0.21185, 0.90130, -1.71535, -0.24772, 0.91798, -1.68321
-0.37384, 0.72641, -1.77072, 0.12715, 0.94367, -1.60249, 0.21087, 0.90226, -1.71544, -0.24850, 0.91769, -1.68258
-0.37126, 0.72660, -1.77152, 0.12914, 0.94494, -1.60440, 0.21000, 0.90324, -1.71551, -0.24929, 0.91741, -1.68207
-0.36819, 0.72658, -1.77233, 0.13115, 0.94625, -1.60628, 0.20909, 0.90425, -1.71557, -0.25022, 0.91719, -1.68164
-0.36464, 0.72643, -1.77314, 0.13332, 0.94757, -1.60806, 0.20825, 0.90531, -1.71559, -0.25109, 0.91701, -1.68127
-0.36064, 0.72612, -1.77397, 0.13553, 0.94895, -1.60966, 0.20743, 0.90643, -1.71565, -0.25186, 0.91685, -1.68099
-0.35619, 0.72564, -1.77468, 0.13782, 0.95035, -1.61106, 0.20663, 0.90762, -1.71565, -0.25252, 0.91672, -1.68076
-0.35156, 0.72524, -1.77531, 0.14016, 0.95180, -1.61230, 0.20594, 0.90890, -1.71566, -0.25304, 0.91670, -1.68064
-0.34709, 0.72506, -1.77579, 0.14252, 0.95327, -1.61336, 0.20531, 0.91021, -1.71563, -0.25358, 0.91676, -1.68043
-0.34322, 0.72531, -1.77612, 0.14479, 0.95475, -1.61427, 0.20474, 0.91158, -1.71555, -0.25410, 0.91700, -1.68012
-0.33967, 0.72585, -1.77630, 0.14704, 0.95624, -1.61507, 0.20422, 0.91301, -1.71548, -0.25456, 0.91736, -1.67979
-0.33626, 0.72652, -1.77654, 0.14933, 0.95771, -1.61587, 0.20380, 0.91442, -1.71539, -0.25494, 0.91776, -1.67945
-0.33284, 0.72724, -1.77685, 0.15175, 0.95916, -1.61674, 0.20359, 0.91577, -1.71518, -0.25516, 0.91815, -1.67916
-0.32946, 0.72795, -1.77728, 0.15423, 0.96056, -1.61768, 0.20343, 0.91705, -1.71497, -0.25530, 0.91851, -1.67887
-0.32602, 0.72870, -1.77779, 0.15678, 0.96195, -1.61869, 0.20337, 0.91832, -1.71474, -0.25527, 0.91883, -1.67862
-0.32249, 0.72941, -1.77841, 0.15940, 0.96334, -1.61970, 0.20335, 0.91959, -1.71453, -0.25497, 0.91905, -1.67835
-0.31882, 0.73002, -1.77917, 0.16207, 0.96468, -1.62079, 0.20338, 0.92078, -1.71428, -0.25446, 0.91914, -1.67805
-0.31502, 0.73062, -1.77993, 0.16486, 0.96601, -1.62181, 0.20345, 0.92199, -1.71412, -0.25386, 0.91922, -1.67778
-0.31129, 0.73124, -1.78083, 0.16770, 0.96738, -1.62292, 0.20355, 0.92318, -1.71406, -0.25343, 0.91931, -1.67758
-0.30746, 0.73193, -1.78172, 0.17072, 0.96880, -1.62382, 0.20380, 0.92439, -1.71416, -0.25329, 0.91954, -1.67752
-0.30370, 0.73264, -1.78275, 0.17380, 0.97021, -1.62479, 0.20413, 0.92555, -1.71434, -0.25323, 0.91981, -1.67754
-0.29993, 0.73344, -1.78382, 0.17691, 0.97167, -1.62561, 0.20468, 0.92682, -1.71470, -0.25299, 0.92017, -1.67769
-0.29623, 0.73428, -1.78496, 0.18000, 0.97313, -1.62629, 0.20531, 0.92818, -1.71517, -0.25229, 0.92065, -1.67785
-0.29264, 0.73517, -1.78622, 0.18299, 0.97462, -1.62701, 0.20601, 0.92962, -1.71586, -0.25127, 0.92113, -1.67809
-0.28906, 0.73608, -1.78753, 0.18591, 0.97607, -1.62776, 0.20682, 0.93115, -1.71674, -0.25008, 0.92172, -1.67837
-0.28568, 0.73697, -1.78886, 0.18866, 0.97750, -1.62868, 0.20758, 0.93282, -1.71804, -0.24917, 0.92233, -1.67865
-0.28239, 0.73784, -1.79026, 0.19124, 0.97887, -1.62986, 0.20832, 0.93459, -1.71980, -0.24859, 0.92300, -1.67896
-0.27922, 0.73868, -1.79167, 0.19365, 0.98022, -1.63124, 0.20905, 0.93647, -1.72187, -0.24820, 0.92368, -1.67924
-0.27614, 0.73957, -1.79303, 0.19601, 0.98161, -1.63266, 0.20986, 0.93850, -1.72432, -0.24803, 0.92448, -1.67954
-0.27312, 0.74048, -1.79434, 0.19834, 0.98302, -1.63417, 0.21070, 0.94060, -1.72702, -0.24806, 0.92524, -1.67975
-0.27012, 0.74145, -1.79560, 0.20068, 0.98449, -1.63566, 0.21176, 0.94282, -1.73016, -0.24816, 0.92611, -1.68003
-0.26725, 0.74243, -1.79676, 0.20305, 0.98603, -1.63696, 0.21293, 0.94519, -1.73368, -0.24830, 0.92706, -1.68035
-0.26440, 0.74343, -1.79777, 0.20557, 0.98769, -1.63782, 0.21450, 0.94782, -1.73757, -0.24813, 0.92821, -1.68089
-0.26168, 0.74450, -1.79868, 0.20817, 0.98951, -1.63836, 0.21632, 0.95062, -1.74211, -0.24788, 0.92958, -1.68163
-0.25897, 0.74558, -1.79949, 0.21078, 0.99139, -1.63874, 0.21826, 0.95347, -1.74752, -0.24779, 0.93108, -1.68250
-0.25658, 0.74667, -1.80025, 0.21319, 0.99341, -1.63909, 0.22006, 0.95631, -1.75443, -0.24842, 0.93276, -1.68363
-0.25431, 0.74781, -1.80088, 0.21543, 0.99552, -1.63930, 0.22179, 0.95909, -1.76306, -0.24972, 0.93468, -1.68503
-0.25234, 0.74895, -1.80148, 0.21741, 0.99772, -1.63958, 0.22329, 0.96164, -1.77304, -0.25158, 0.93664, -1.68652
-0.25040, 0.75012, -1.80188, 0.21925, 0.99996, -1.63971, 0.22476, 0.96391, -1.78418, -0.25344, 0.93855, -1.68805
-0.24864, 0.75131, -1.80218, 0.22074, 1.00226, -1.63975, 0.22595, 0.96572, -1.79682, -0.25528, 0.94023, -1.68963
-0.24688, 0.75249, -1.80237, 0.22215, 1.00458, -1.63965, 0.22716, 0.96699, -1.81033, -0.25698, 0.94184, -1.69123
-0.24508, 0.75365, -1.80261, 0.22359, 1.00682, -1.63959, 0.22831, 0.96747, -1.82431, -0.25857, 0.94334, -1.69285
-0.24311, 0.75468, -1.80298, 0.22515, 1.00895, -1.63952, 0.22943, 0.96676, -1.83841, -0.25991, 0.94480, -1.69461
-0.24098, 0.75563, -1.80351, 0.22693, 1.01091, -1.63956, 0.23070, 0.96489, -1.85234, -0.26108, 0.94618, -1.69643
-0.23877, 0.75651, -1.80411, 0.22877, 1.01279, -1.63972, 0.23227, 0.96199, -1.86586, -0.26221, 0.94761, -1.69823
-0.23648, 0.75729, -1.80472, 0.23068, 1.01456, -1.64007, 0.23431, 0.95783, -1.87861, -0.26353, 0.94908, -1.69992
-0.23404, 0.75799, -1.80533, 0.23272, 1.01620, -1.64057, 0.23710, 0.95236, -1.89026, -0.26496, 0.95066, -1.70152
-0.23173, 0.75865, -1.80594, 0.23463, 1.01775, -1.64124, 0.24037, 0.94600, -1.90061, -0.26664, 0.95223, -1.70301
-0.22939, 0.75935, -1.80640, 0.23639, 1.01926, -1.64186, 0.24444, 0.93899, -1.90927, -0.26838, 0.95383, -1.70452
-0.22722, 0.76008, -1.80664, 0.23792, 1.02072, -1.64238, 0.24959, 0.93140, -1.91566, -0.27021, 0.95539, -1.70603
-0.22524, 0.76089, -1.80678, 0.23908, 1.02215, -1.64287, 0.25514, 0.92342, -1.92018, -0.27216, 0.95693, -1.70754
-0.22335, 0.76180, -1.80672, 0.24005, 1.02349, -1.64333, 0.26084, 0.91515, -1.92289, -0.27415, 0.95853, -1.70897
-0.22156, 0.76282, -1.80656, 0.24076, 1.02480, -1.64375, 0.26641, 0.90666, -1.92365, -0.27615, 0.96021, -1.71029
-0.21980, 0.76399, -1.80625, 0.24125, 1.02604, -1.64420, 0.27177, 0.89807, -1.92263, -0.27806, 0.96197, -1.71154
-0.21804, 0.76530, -1.80574, 0.24156, 1.02721, -1.64463, 0.27684, 0.88954, -1.92020, -0.27999, 0.96388, -1.71272
-0.21624, 0.76677, -1.80498, 0.24169, 1.02835, -1.64511, 0.28160, 0.88130, -1.91643, -0.28188, 0.96601, -1.71387
-0.21439, 0.76844, -1.80395, 0.24170, 1.02946, -1.64560, 0.28599, 0.87338, -1.91141, -0.28370, 0.96835, -1.71498
-0.21254, 0.77027, -1.80265, 0.24144, 1.03044, -1.64625, 0.28979, 0.86575, -1.90555, -0.28557, 0.97091, -1.71608
-0.21071, 0.77225, -1.80107, 0.24090, 1.03125, -1.64718, 0.29277, 0.85823, -1.89888, -0.28745, 0.97365, -1.71718
-0.20907, 0.77436, -1.79924, 0.23993, 1.03186, -1.64854, 0.29446, 0.85058, -1.89143, -0.28945, 0.97663, -1.71830
-0.20738, 0.77655, -1.79715, 0.23876, 1.03208, -1.65031, 0.29547, 0.84346, -1.88384, -0.29143, 0.97976, -1.71953
-0.20572, 0.77871, -1.79498, 0.23746, 1.03167, -1.65275, 0.29602, 0.83746, -1.87686, -0.29352, 0.98295, -1.72096
-0.20377, 0.78074, -1.79288, 0.23648, 1.03016, -1.65607, 0.29658, 0.83335, -1.87152, -0.29544, 0.98613, -1.72269
-0.20156, 0.78263, -1.79087, 0.23574, 1.02765, -1.66028, 0.29711, 0.83119, -1.86787, -0.29733, 0.98926, -1.72479
-0.19923, 0.78441, -1.78884, 0.23491, 1.02430, -1.66512, 0.29751, 0.83090, -1.86551, -0.29932, 0.99242, -1.72725
-0.19634, 0.78606, -1.78682, 0.23430, 1.02010, -1.67059, 0.29809, 0.83324, -1.86481, -0.30114, 0.99563, -1.73032
-0.19304, 0.78753, -1.78491, 0.23374, 1.01501, -1.67671, 0.29871, 0.83827, -1.86576, -0.30298, 0.99882, -1.73394
-0.18949, 0.78894, -1.78302, 0.23286, 1.00926, -1.68308, 0.29928, 0.84446, -1.86747, -0.30474, 1.00206, -1.73795
-0.18598, 0.79033, -1.78123, 0.23121, 1.00297, -1.68957, 0.29954, 0.85059, -1.86927, -0.30661, 1.00537, -1.74220
-0.18266, 0.79181, -1.77943, 0.22832, 0.99621, -1.69569, 0.29947, 0.85548, -1.87041, -0.30851, 1.00882, -1.74650
-0.17939, 0.79327, -1.77777, 0.22447, 0.98901, -1.70175, 0.29931, 0.85952, -1.87127, -0.31043, 1.01231, -1.75097
-0.17586, 0.79469, -1.77648, 0.21991, 0.98136, -1.70792, 0.29938, 0.86276, -1.87198, -0.31206, 1.01579, -1.75574
-0.17210, 0.79601, -1.77577, 0.21444, 0.97336, -1.71407, 0.30006, 0.86471, -1.87247, -0.31330, 1.01923, -1.76085
-0.16799, 0.79720, -1.77554, 0.20830, 0.96489, -1.72044, 0.30127, 0.86575, -1.87287, -0.31415, 1.02259, -1.76633
-0.16353, 0.79825, -1.77570, 0.20191, 0.95583, -1.72731, 0.30286, 0.86652, -1.87331, -0.31466, 1.02579, -1.77216
-0.15879, 0.79900, -1.77632, 0.19561, 0.94595, -1.73535, 0.30449, 0.86744, -1.87390, -0.31501, 1.02871, -1.77823
-0.15375, 0.79941, -1.77723, 0.18946, 0.93517, -1.74458, 0.30611, 0.86881, -1.87483, -0.31520, 1.03132, -1.78456
-0.14873, 0.79965, -1.77847, 0.18319, 0.92358, -1.75464, 0.30785, 0.87029, -1.87583, -0.31532, 1.03377, -1.79110
-0.14399, 0.79987, -1.77994, 0.17645, 0.91116, -1.76532, 0.30972, 0.87177, -1.87688, -0.31545, 1.03617, -1.79797
-0.14000, 0.80017, -1.78160, 0.16876, 0.89778, -1.77673, 0.31164, 0.87316, -1.87781, -0.31582, 1.03864, -1.80513
-0.13642, 0.80059, -1.78349, 0.16057, 0.88364, -1.78829, 0.31377, 0.87445, -1.87880, -0.31631, 1.04114, -1.81259
-0.13309, 0.80108, -1.78560, 0.15233, 0.86901, -1.79972, 0.31614, 0.87567, -1.87983, -0.31670, 1.04370, -1.82033
-0.12971, 0.80181, -1.78807, 0.14441, 0.85403, -1.81092, 0.31908, 0.87676, -1.88097, -0.31678, 1.04642, -1.82844
-0.12631, 0.80272, -1.79073, 0.13687, 0.83878, -1.82167, 0.32247, 0.87778, -1.88221, -0.31664, 1.04924, -1.83689
-0.12297, 0.80372, -1.79351, 0.12932, 0.82339, -1.83193, 0.32617, 0.87882, -1.88355, -0.31643, 1.05201, -1.84583
-0.11967, 0.80468, -1.79623, 0.12157, 0.80793, -1.84168, 0.33011, 0.87993, -1.88494, -0.31644, 1.05468, -1.85513
-0.11638, 0.80564, -1.79881, 0.11352, 0.79253, -1.85094, 0.33433, 0.88117, -1.88644, -0.31674, 1.05718, -1.86494
-0.11328, 0.80658, -1.80132, 0.10537, 0.77726, -1.85953, 0.33861, 0.88247, -1.88798, -0.31704, 1.05934, -1.87553
-0.11036, 0.80759, -1.80379, 0.09738, 0.76228, -1.86732, 0.34302, 0.88391, -1.88968, -0.31700, 1.06110, -1.88726
-0.10771, 0.80868, -1.80618, 0.08977, 0.74775, -1.87441, 0.34750, 0.88548, -1.89144, -0.31640, 1.06227, -1.90065
-0.10532, 0.80983, -1.80847, 0.08245, 0.73373, -1.88082, 0.35194, 0.88717, -1.89335, -0.31517, 1.06274, -1.91536
-0.10303, 0.81098, -1.81084, 0.07553, 0.72033, -1.88678, 0.35651, 0.88893, -1.89539, -0.31279, 1.06227, -1.93137
-0.10088, 0.81205, -1.81341, 0.06908, 0.70782, -1.89290, 0.36109, 0.89081, -1.89760, -0.30889, 1.06049, -1.94905
-0.09884, 0.81308, -1.81608, 0.06326, 0.69620, -1.89877, 0.36567, 0.89270, -1.89994, -0.30321, 1.05744, -1.96780
-0.09688, 0.81405, -1.81869, 0.05825, 0.68554, -1.90378, 0.37016, 0.89464, -1.90239, -0.29573, 1.05338, -1.98688
-0.09517, 0.81490, -1.82114, 0.05450, 0.67615, -1.90738, 0.37451, 0.89653, -1.90495, -0.28588, 1.04839, -2.00547
-0.09354, 0.81567, -1.82336, 0.05246, 0.66819, -1.90936, 0.37876, 0.89833, -1.90751, -0.27305, 1.04249, -2.02306
-0.09200, 0.81639, -1.82536, 0.05145, 0.66123, -1.91001, 0.38275, 0.90015, -1.91012, -0.25830, 1.03566, -2.03982
-0.09039, 0.81709, -1.82714, 0.05123, 0.65504, -1.90909, 0.38651, 0.90199, -1.91283, -0.24167, 1.02792, -2.05556
-0.08867, 0.81788, -1.82869, 0.05160, 0.64950, -1.90595, 0.38997, 0.90392, -1.91554, -0.22295, 1.01899, -2.07024
-0.08680, 0.81869, -1.83005, 0.05270, 0.64444, -1.90151, 0.39319, 0.90595, -1.91834, -0.20322, 1.00924, -2.08343
-0.08481, 0.81948, -1.83134, 0.05470, 0.63965, -1.89641, 0.39626, 0.90812, -1.92124, -0.18348, 0.99889, -2.09489
-0.08253, 0.82022, -1.83266, 0.05801, 0.63478, -1.89132, 0.39916, 0.91045, -1.92417, -0.16479, 0.98806, -2.10446
-0.08005, 0.82098, -1.83403, 0.06225, 0.62991, -1.88607, 0.40206, 0.91302, -1.92728, -0.14747, 0.97693, -2.11222
-0.07746, 0.82168, -1.83528, 0.06641, 0.62528, -1.88023, 0.40479, 0.91575, -1.93046, -0.13191, 0.96554, -2.11809
-0.07481, 0.82242, -1.83638, 0.06918, 0.62103, -1.87340, 0.40747, 0.91869, -1.93379, -0.11891, 0.95396, -2.12213
-0.07202, 0.82314, -1.83726, 0.07022, 0.61724, -1.86540, 0.41020, 0.92186, -1.93720, -0.10898, 0.94225, -2.12436
-0.06927, 0.82395, -1.83801, 0.07133, 0.61398, -1.85651, 0.41290, 0.92519, -1.94085, -0.10161, 0.93061, -2.12498
-0.06669, 0.82479, -1.83860, 0.07379, 0.61129, -1.84679, 0.41550, 0.92867, -1.94467, -0.09695, 0.91921, -2.12391
-0.06415, 0.82579, -1.83894, 0.07935, 0.60936, -1.83585, 0.41819, 0.93235, -1.94880, -0.09546, 0.90830, -2.12098
-0.06178, 0.82691, -1.83914, 0.08670, 0.60810, -1.82426, 0.42080, 0.93614, -1.95322, -0.09656, 0.89777, -2.11665
-0.05965, 0.82821, -1.83922, 0.09526, 0.60765, -1.81230, 0.42334, 0.93997, -1.95798, -0.10007, 0.88762, -2.11113
-0.05791, 0.82975, -1.83919, 0.10532, 0.60812, -1.80000, 0.42560, 0.94381, -1.96323, -0.10645, 0.87781, -2.10414
-0.05646, 0.83152, -1.83908, 0.11602, 0.60947, -1.78785, 0.42774, 0.94761, -1.96894, -0.11508, 0.86843, -2.09625
-0.05544, 0.83340, -1.83888, 0.12573, 0.61154, -1.77667, 0.42964, 0.95131, -1.97504, -0.12562, 0.85963, -2.08823
-0.05477, 0.83535, -1.83863, 0.13331, 0.61436, -1.76793, 0.43148, 0.95484, -1.98157, -0.13820, 0.85153, -2.08085
-0.05459, 0.83735, -1.83832, 0.13775, 0.61793, -1.76249, 0.43320, 0.95809, -1.98855, -0.15277, 0.84425, -2.07459
-0.05502, 0.83937, -1.83813, 0.14024, 0.62197, -1.75886, 0.43476, 0.96123, -1.99604, -0.16800, 0.83780, -2.06990
-0.05603, 0.84135, -1.83821, 0.14104, 0.62626, -1.75661, 0.43626, 0.96424, -2.00415, -0.18292, 0.83214, -2.06783
-0.05789, 0.84325, -1.83869, 0.13997, 0.63063, -1.75542, 0.43765, 0.96713, -2.01301, -0.19692, 0.82725, -2.07027
-0.06053, 0.84504, -1.83961, 0.13735, 0.63494, -1.75476, 0.43877, 0.96991, -2.02258, -0.20930, 0.82371, -2.07512
-0.06374, 0.84673, -1.84102, 0.13362, 0.63892, -1.75402, 0.43972, 0.97268, -2.03290, -0.21858, 0.82230, -2.08129
-0.06732, 0.84821, -1.84298, 0.12843, 0.64210, -1.75214, 0.44017, 0.97536, -2.04410, -0.22137, 0.82483, -2.08765
-0.07167, 0.84948, -1.84569, 0.12224, 0.64466, -1.74939, 0.44021, 0.97799, -2.05613, -0.21914, 0.83042, -2.09437
-0.07745, 0.85055, -1.84950, 0.11560, 0.64680, -1.74639, 0.44005, 0.98053, -2.06880, -0.21560, 0.83736, -2.10207
-0.08593, 0.85129, -1.85498, 0.10886, 0.64859, -1.74350, 0.43949, 0.98296, -2.08195, -0.21405, 0.84454, -2.11117
-0.09762, 0.85171, -1.86244, 0.10246, 0.65010, -1.74096, 0.43875, 0.98533, -2.09559, -0.21627, 0.85122, -2.12198
-0.11096, 0.85203, -1.87068, 0.09636, 0.65142, -1.73850, 0.43791, 0.98757, -2.10951, -0.21992, 0.85731, -2.13356
-0.12511, 0.85240, -1.87913, 0.09062, 0.65261, -1.73615, 0.43711, 0.98971, -2.12371, -0.22455, 0.86221, -2.14515
-0.13905, 0.85317, -1.88722, 0.08576, 0.65376, -1.73374, 0.43646, 0.99176, -2.13798, -0.22973, 0.86492, -2.15584
-0.15351, 0.85404, -1.89486, 0.08135, 0.65483, -1.73151, 0.43586, 0.99364, -2.15231, -0.23487, 0.86641, -2.16611
-0.16920, 0.85495, -1.90180, 0.07691, 0.65582, -1.72968, 0.43530, 0.99525, -2.16684, -0.23949, 0.86735, -2.17631
-0.18750, 0.85593, -1.90712, 0.07193, 0.65674, -1.72853, 0.43468, 0.99648, -2.18130, -0.24233, 0.86819, -2.18663
-0.20739, 0.85675, -1.91115, 0.06669, 0.65756, -1.72796, 0.43409, 0.99735, -2.19581, -0.24362, 0.86904, -2.19715
-0.22683, 0.85695, -1.91511, 0.06176, 0.65818, -1.72798, 0.43369, 0.99794, -2.21022, -0.24406, 0.86988, -2.20792
-0.24390, 0.85602, -1.91992, 0.05770, 0.65854, -1.72858, 0.43341, 0.99819, -2.22450, -0.24399, 0.87092, -2.21908
-0.25753, 0.85363, -1.92628, 0.05478, 0.65854, -1.72976, 0.43352, 0.99819, -2.23858, -0.24362, 0.87221, -2.23067
-0.26915, 0.84998, -1.93365, 0.05247, 0.65827, -1.73144, 0.43386, 0.99798, -2.25265, -0.24308, 0.87346, -2.24251
-0.27905, 0.84488, -1.94196, 0.05072, 0.65777, -1.73359, 0.43449, 0.99767, -2.26678, -0.24264, 0.87447, -2.25446
-0.28715, 0.83778, -1.95130, 0.04944, 0.65699, -1.73632, 0.43561, 0.99727, -2.28102, -0.24268, 0.87491, -2.26619
-0.29399, 0.82937, -1.96126, 0.04849, 0.65597, -1.73942, 0.43697, 0.99685, -2.29542, -0.24275, 0.87510, -2.27786
-0.30026, 0.82005, -1.97186, 0.04772, 0.65476, -1.74288, 0.43851, 0.99634, -2.30996, -0.24243, 0.87518, -2.28968
-0.30643, 0.80999, -1.98343, 0.04716, 0.65327, -1.74660, 0.44032, 0.99582, -2.32465, -0.24119, 0.87529, -2.30173
-0.31243, 0.79941, -1.99558, 0.04673, 0.65159, -1.75058, 0.44220, 0.99524, -2.33955, -0.23909, 0.87545, -2.31400
-0.31756, 0.78860, -2.00786, 0.04660, 0.64976, -1.75487, 0.44419, 0.99456, -2.35448, -0.23618, 0.87558, -2.32634
-0.32126, 0.77799, -2.02023, 0.04689, 0.64791, -1.75949, 0.44628, 0.99377, -2.36941, -0.23274, 0.87570, -2.33864
-0.32306, 0.76781, -2.03275, 0.04779, 0.64603, -1.76446, 0.44856, 0.99286, -2.38424, -0.22848, 0.87576, -2.35091
-0.32361, 0.75802, -2.04474, 0.04896, 0.64406, -1.76960, 0.45051, 0.99191, -2.39898, -0.22371, 0.87584, -2.36304
-0.32303, 0.74879, -2.05601, 0.05056, 0.64198, -1.77488, 0.45170, 0.99100, -2.41359, -0.21814, 0.87591, -2.37501
-0.32143, 0.74056, -2.06660, 0.05237, 0.63976, -1.78024, 0.45165, 0.99024, -2.42795, -0.21182, 0.87601, -2.38669
-0.31925, 0.73290, -2.07579, 0.05447, 0.63736, -1.78550, 0.45058, 0.98956, -2.44219, -0.20474, 0.87613, -2.39816
-0.31695, 0.72567, -2.08306, 0.05664, 0.63469, -1.79056, 0.44838, 0.98891, -2.45639, -0.19695, 0.87621, -2.40948
-0.31544, 0.71878, -2.08718, 0.05877, 0.63161, -1.79511, 0.44497, 0.98832, -2.47058, -0.18841, 0.87624, -2.42078
-0.31476, 0.71214, -2.08841, 0.06088, 0.62819, -1.79920, 0.44043, 0.98774, -2.48477, -0.17920, 0.87625, -2.43198
-0.31443, 0.70556, -2.08734, 0.06310, 0.62442, -1.80296, 0.43506, 0.98704, -2.49898, -0.16965, 0.87624, -2.44315
-0.31477, 0.69883, -2.08372, 0.06525, 0.62031, -1.80637, 0.42906, 0.98612, -2.51327, -0.16033, 0.87631, -2.45438
-0.31559, 0.69181, -2.07739, 0.06755, 0.61587, -1.80934, 0.42273, 0.98492, -2.52757, -0.15143, 0.87644, -2.46575
-0.31659, 0.68461, -2.06947, 0.06984, 0.61112, -1.81208, 0.41545, 0.98357, -2.54178, -0.14267, 0.87654, -2.47687
-0.31721, 0.67715, -2.06024, 0.07237, 0.60620, -1.81459, 0.40708, 0.98219, -2.55579, -0.13386, 0.87659, -2.48758
-0.31743, 0.66927, -2.05012, 0.07505, 0.60107, -1.81695, 0.39706, 0.98088, -2.56968, -0.12512, 0.87647, -2.49759
-0.31670, 0.66119, -2.03923, 0.07785, 0.59583, -1.81915, 0.38568, 0.97962, -2.58325, -0.11654, 0.87627, -2.50702
-0.31441, 0.65298, -2.02778, 0.08081, 0.59047, -1.82130, 0.37339, 0.97842, -2.59629, -0.10810, 0.87595, -2.51580
-0.30897, 0.64468, -2.01567, 0.08383, 0.58507, -1.82339, 0.35974, 0.97736, -2.60877, -0.10000, 0.87548, -2.52388
-0.30148, 0.63642, -2.00327, 0.08695, 0.57965, -1.82554, 0.34556, 0.97644, -2.62050, -0.09227, 0.87488, -2.53126
-0.29413, 0.62845, -1.99076, 0.09017, 0.57424, -1.82780, 0.33154, 0.97554, -2.63126, -0.08519, 0.87428, -2.53796
-0.28893, 0.62110, -1.97820, 0.09343, 0.56889, -1.83040, 0.31890, 0.97471, -2.64077, -0.07903, 0.87370, -2.54393
-0.28662, 0.61450, -1.96589, 0.09694, 0.56373, -1.83340, 0.30844, 0.97391, -2.64874, -0.07401, 0.87319, -2.54917
-0.28584, 0.60849, -1.95545, 0.10038, 0.55863, -1.83687, 0.29958, 0.97312, -2.65537, -0.06996, 0.87266, -2.55352
-0.28577, 0.60310, -1.94862, 0.10382, 0.55363, -1.84089, 0.29279, 0.97233, -2.66033, -0.06713, 0.87203, -2.55683
-0.28604, 0.59844, -1.94826, 0.10696, 0.54869, -1.84575, 0.28852, 0.97151, -2.66324, -0.06577, 0.87117, -2.55868
-0.28677, 0.59430, -1.95173, 0.10994, 0.54385, -1.85128, 0.28627, 0.97064, -2.66451, -0.06546, 0.87016, -2.55941
-0.28813, 0.59041, -1.95751, 0.11264, 0.53917, -1.85749, 0.28587, 0.96974, -2.66423, -0.06584, 0.86896, -2.55907
-0.29032, 0.58654, -1.96472, 0.11511, 0.53468, -1.86454, 0.28754, 0.96874, -2.66218, -0.06655, 0.86749, -2.55754
-0.29353, 0.58271, -1.97289, 0.11712, 0.53036, -1.87239, 0.29093, 0.96761, -2.65860, -0.06771, 0.86581, -2.55502
-0.29784, 0.57911, -1.98145, 0.11886, 0.52627, -1.88076, 0.29541, 0.96640, -2.65387, -0.06918, 0.86403, -2.55183
-0.30400, 0.57585, -1.98963, 0.12015, 0.52239, -1.88965, 0.30073, 0.96502, -2.64813, -0.07118, 0.86217, -2.54812
-0.31234, 0.57293, -1.99704, 0.12093, 0.51871, -1.89896, 0.30650, 0.96348, -2.64156, -0.07352, 0.86030, -2.54405
-0.32151, 0.57013, -2.00422, 0.12108, 0.51525, -1.90836, 0.31239, 0.96181, -2.63446, -0.07650, 0.85836, -2.53972
-0.33035, 0.56726, -2.01154, 0.12048, 0.51197, -1.91762, 0.31821, 0.96003, -2.62708, -0.08004, 0.85640, -2.53535
-0.33764, 0.56407, -2.01926, 0.11884, 0.50882, -1.92639, 0.32337, 0.95815, -2.61971, -0.08440, 0.85442, -2.53109
-0.34412, 0.56075, -2.02689, 0.11627, 0.50585, -1.93462, 0.32808, 0.95621, -2.61250, -0.08915, 0.85245, -2.52690
-0.35022, 0.55729, -2.03409, 0.11264, 0.50297, -1.94213, 0.33224, 0.95422, -2.60553, -0.09404, 0.85054, -2.52291
-0.35618, 0.55363, -2.04032, 0.10747, 0.50012, -1.94838, 0.33582, 0.95224, -2.59914, -0.09843, 0.84880, -2.51928
-0.36206, 0.54984, -2.04548, 0.10124, 0.49733, -1.95351, 0.33870, 0.95030, -2.59341, -0.10245, 0.84725, -2.51602
-0.36784, 0.54606, -2.04972, 0.09451, 0.49460, -1.95763, 0.34080, 0.94843, -2.58829, -0.10623, 0.84581, -2.51306
-0.37357, 0.54237, -2.05260, 0.08788, 0.49190, -1.96049, 0.34190, 0.94667, -2.58398, -0.10993, 0.84462, -2.51054
-0.37929, 0.53885, -2.05407, 0.08170, 0.48923, -1.96216, 0.34189, 0.94505, -2.58057, -0.11344, 0.84364, -2.50844
-0.38445, 0.53547, -2.05461, 0.07627, 0.48670, -1.96298, 0.34130, 0.94360, -2.57790, -0.11671, 0.84282, -2.50674
-0.38871, 0.53226, -2.05439, 0.07170, 0.48441, -1.96320, 0.34037, 0.94229, -2.57591, -0.11978, 0.84217, -2.50542
-0.39139, 0.52923, -2.05343, 0.06864, 0.48252, -1.96281, 0.33915, 0.94120, -2.57478, -0.12233, 0.84167, -2.50457
-0.39301, 0.52644, -2.05193, 0.06668, 0.48097, -1.96213, 0.33774, 0.94031, -2.57429, -0.12461, 0.84128, -2.50408
-0.39417, 0.52395, -2.05009, 0.06531, 0.47971, -1.96118, 0.33594, 0.93958, -2.57428, -0.12663, 0.84100, -2.50383
-0.39516, 0.52194, -2.04800, 0.06447, 0.47879, -1.96012, 0.33371, 0.93911, -2.57472, -0.12851, 0.84073, -2.50383
-0.39613, 0.52036, -2.04581, 0.06392, 0.47818, -1.95908, 0.33086, 0.93882, -2.57554, -0.13019, 0.84050, -2.50398
-0.39690, 0.51916, -2.04366, 0.06377, 0.47783, -1.95808, 0.32768, 0.93868, -2.57665, -0.13166, 0.84029, -2.50428
-0.39758, 0.51835, -2.04166, 0.06395, 0.47772, -1.95711, 0.32395, 0.93869, -2.57810, -0.13263, 0.84015, -2.50472
-0.39805, 0.51793, -2.04004, 0.06459, 0.47781, -1.95633, 0.32001, 0.93878, -2.57973, -0.13297, 0.84002, -2.50525
-0.39831, 0.51776, -2.03851, 0.06541, 0.47805, -1.95557, 0.31571, 0.93899, -2.58159, -0.13311, 0.83993, -2.50587
