base_lf1, lf1_lf2, lf2_lf3, base_rf1, rf1_rf2, rf2_rf3, base_rb1, rb1_rb2, rb2_rb3, base_lb1, lb1_lb2, lb2_lb3
-0.10707, 0.92811, -1.44397, 0.20138, 1.05877, -1.50847, 0.26489, 0.92304, -1.71670, -0.21251, 1.01740, -1.72220
-0.10759, 0.92871, -1.44578, 0.20598, 1.06214, -1.50236, 0.26090, 0.92350, -1.71618, -0.21812, 1.01790, -1.72630
-0.10817, 0.92936, -1.44748, 0.21034, 1.06502, -1.49555, 0.25691, 0.92402, -1.71570, -0.22350, 1.01846, -1.73066
-0.10887, 0.93010, -1.44898, 0.21422, 1.06734, -1.48822, 0.25286, 0.92461, -1.71529, -0.22869, 1.01917, -1.73533
-0.10979, 0.93095, -1.45019, 0.21707, 1.06895, -1.48044, 0.24870, 0.92533, -1.71486, -0.23378, 1.02018, -1.74051
-0.11094, 0.93186, -1.45101, 0.21900, 1.06993, -1.47219, 0.24441, 0.92617, -1.71445, -0.23851, 1.02148, -1.74609
-0.11223, 0.93288, -1.45165, 0.22026, 1.07041, -1.46343, 0.24006, 0.92715, -1.71410, -0.24274, 1.02300, -1.75208
-0.11376, 0.93397, -1.45204, 0.22075, 1.07047, -1.45415, 0.23547, 0.92823, -1.71372, -0.24624, 1.02469, -1.75844
-0.11556, 0.93513, -1.45217, 0.22040, 1.07013, -1.44425, 0.23060, 0.92947, -1.71339, -0.24878, 1.02660, -1.76514
-0.11748, 0.93633, -1.45221, 0.21957, 1.06941, -1.43402, 0.22570, 0.93080, -1.71312, -0.25027, 1.02864, -1.77201
-0.11951, 0.93758, -1.45212, 0.21819, 1.06830, -1.42354, 0.22077, 0.93217, -1.71294, -0.25062, 1.03083, -1.77871
-0.12162, 0.93885, -1.45193, 0.21629, 1.06676, -1.41284, 0.21593, 0.93363, -1.71288, -0.24928, 1.03320, -1.78500
-0.12375, 0.94012, -1.45169, 0.21416, 1.06488, -1.40185, 0.21117, 0.93508, -1.71295, -0.24655, 1.03573, -1.79105
-0.12595, 0.94129, -1.45148, 0.21206, 1.06263, -1.39053, 0.20649, 0.93654, -1.71310, -0.24248, 1.03840, -1.79690
-0.12810, 0.94238, -1.45126, 0.21042, 1.05992, -1.37808, 0.20207, 0.93798, -1.71332, -0.23673, 1.04136, -1.80256
-0.13025, 0.94329, -1.45112, 0.20922, 1.05690, -1.36515, 0.19785, 0.93934, -1.71355, -0.22945, 1.04442, -1.80798
-0.13242, 0.94413, -1.45121, 0.20838, 1.05393, -1.35270, 0.19378, 0.94061, -1.71390, -0.22079, 1.04742, -1.81325
-0.13460, 0.94485, -1.45158, 0.20794, 1.05134, -1.34149, 0.18978, 0.94162, -1.71426, -0.21068, 1.05016, -1.81828
-0.13672, 0.94544, -1.45245, 0.20804, 1.04938, -1.33214, 0.18595, 0.94236, -1.71463, -0.19905, 1.05247, -1.82312
-0.13893, 0.94594, -1.45366, 0.20817, 1.04791, -1.32462, 0.18217, 0.94284, -1.71505, -0.18633, 1.05448, -1.82757
-0.14133, 0.94633, -1.45517, 0.20789, 1.04711, -1.31950, 0.17833, 0.94310, -1.71558, -0.17286, 1.05625, -1.83166
-0.14404, 0.94663, -1.45723, 0.20686, 1.04733, -1.31814, 0.17438, 0.94308, -1.71629, -0.15887, 1.05770, -1.83528
-0.14694, 0.94682, -1.45951, 0.20528, 1.04807, -1.31881, 0.17033, 0.94282, -1.71707, -0.14440, 1.05887, -1.83831
-0.14997, 0.94689, -1.46198, 0.20330, 1.04908, -1.32048, 0.16619, 0.94234, -1.71786, -0.12933, 1.05969, -1.84058
-0.15300, 0.94677, -1.46471, 0.20113, 1.05013, -1.32227, 0.16201, 0.94156, -1.71857, -0.11341, 1.06007, -1.84181
-0.15607, 0.94652, -1.46744, 0.19871, 1.05110, -1.32381, 0.15770, 0.94058, -1.71924, -0.09703, 1.06007, -1.84199
-0.15914, 0.94619, -1.47018, 0.19615, 1.05186, -1.32486, 0.15339, 0.93946, -1.71982, -0.08030, 1.05976, -1.84116
-0.16205, 0.94573, -1.47292, 0.19357, 1.05208, -1.32481, 0.14919, 0.93823, -1.72031, -0.06341, 1.05909, -1.83925
-0.16483, 0.94520, -1.47550, 0.19096, 1.05165, -1.32327, 0.14506, 0.93696, -1.72066, -0.04662, 1.05816, -1.83619
-0.16755, 0.94460, -1.47802, 0.18830, 1.05089, -1.32118, 0.14110, 0.93571, -1.72093, -0.03029, 1.05697, -1.83231
-0.17030, 0.94394, -1.48053, 0.18555, 1.04989, -1.31911, 0.13735, 0.93450, -1.72099, -0.01504, 1.05554, -1.82779
-0.17317, 0.94322, -1.48302, 0.18259, 1.04874, -1.31761, 0.13389, 0.93344, -1.72074, -0.00163, 1.05390, -1.82290
-0.17611, 0.94247, -1.48544, 0.17955, 1.04754, -1.31640, 0.13065, 0.93249, -1.72037, 0.01056, 1.05208, -1.81753
-0.17907, 0.94168, -1.48780, 0.17653, 1.04631, -1.31552, 0.12760, 0.93156, -1.71991, 0.02180, 1.04999, -1.81167
-0.18210, 0.94087, -1.48996, 0.17351, 1.04524, -1.31509, 0.12451, 0.93066, -1.71940, 0.03207, 1.04752, -1.80529
-0.18513, 0.94008, -1.49203, 0.17057, 1.04429, -1.31493, 0.12151, 0.92983, -1.71891, 0.04163, 1.04477, -1.79838
-0.18822, 0.93924, -1.49399, 0.16766, 1.04336, -1.31489, 0.11864, 0.92905, -1.71857, 0.05043, 1.04187, -1.79087
-0.19131, 0.93842, -1.49575, 0.16478, 1.04245, -1.31464, 0.11583, 0.92843, -1.71851, 0.05881, 1.03902, -1.78240
-0.19434, 0.93760, -1.49749, 0.16198, 1.04150, -1.31414, 0.11324, 0.92794, -1.71880, 0.06677, 1.03623, -1.77294
-0.19742, 0.93679, -1.49908, 0.15921, 1.04060, -1.31340, 0.11075, 0.92768, -1.71947, 0.07388, 1.03342, -1.76315
-0.20045, 0.93598, -1.50061, 0.15661, 1.03977, -1.31246, 0.10854, 0.92775, -1.72041, 0.07991, 1.03041, -1.75354
-0.20355, 0.93521, -1.50202, 0.15421, 1.03911, -1.31123, 0.10657, 0.92825, -1.72183, 0.08439, 1.02712, -1.74440
-0.20669, 0.93445, -1.50336, 0.15189, 1.03858, -1.30972, 0.10479, 0.92916, -1.72363, 0.08753, 1.02381, -1.73611
-0.20995, 0.93367, -1.50477, 0.14965, 1.03812, -1.30795, 0.10318, 0.93042, -1.72586, 0.08921, 1.02081, -1.72934
-0.21342, 0.93282, -1.50605, 0.14737, 1.03778, -1.30576, 0.10152, 0.93215, -1.72856, 0.08883, 1.01842, -1.72522
-0.21700, 0.93192, -1.50743, 0.14510, 1.03755, -1.30314, 0.09998, 0.93427, -1.73173, 0.08685, 1.01674, -1.72344
-0.22061, 0.93097, -1.50923, 0.14281, 1.03745, -1.30038, 0.09878, 0.93683, -1.73549, 0.08391, 1.01575, -1.72337
-0.22410, 0.92988, -1.51178, 0.14047, 1.03755, -1.29741, 0.09825, 0.93998, -1.74001, 0.08051, 1.01576, -1.72500
-0.22747, 0.92867, -1.51525, 0.13792, 1.03786, -1.29434, 0.09833, 0.94372, -1.74542, 0.07679, 1.01690, -1.72821
-0.23077, 0.92746, -1.51966, 0.13534, 1.03835, -1.29128, 0.09898, 0.94786, -1.75155, 0.07261, 1.01860, -1.73251
-0.23403, 0.92628, -1.52546, 0.13273, 1.03906, -1.28844, 0.10016, 0.95240, -1.75842, 0.06788, 1.02053, -1.73754
-0.23733, 0.92518, -1.53316, 0.13009, 1.04001, -1.28602, 0.10167, 0.95730, -1.76613, 0.06241, 1.02240, -1.74272
-0.24085, 0.92424, -1.54224, 0.12746, 1.04114, -1.28392, 0.10373, 0.96239, -1.77451, 0.05648, 1.02425, -1.74833
-0.24498, 0.92351, -1.55242, 0.12482, 1.04233, -1.28221, 0.10637, 0.96751, -1.78340, 0.05024, 1.02607, -1.75435
-0.25054, 0.92312, -1.56381, 0.12221, 1.04355, -1.28102, 0.10957, 0.97243, -1.79274, 0.04387, 1.02784, -1.76091
-0.25702, 0.92310, -1.57600, 0.11960, 1.04476, -1.28020, 0.11361, 0.97714, -1.80251, 0.03748, 1.02950, -1.76794
-0.26327, 0.92350, -1.58864, 0.11708, 1.04596, -1.27970, 0.11896, 0.98155, -1.81269, 0.03150, 1.03099, -1.77536
-0.26804, 0.92461, -1.60126, 0.11493, 1.04711, -1.27938, 0.12659, 0.98554, -1.82337, 0.02658, 1.03223, -1.78331
-0.27075, 0.92652, -1.61365, 0.11318, 1.04818, -1.27920, 0.13685, 0.98895, -1.83439, 0.02303, 1.03307, -1.79170
-0.27215, 0.92895, -1.62606, 0.11153, 1.04924, -1.27916, 0.14879, 0.99193, -1.84559, 0.02002, 1.03369, -1.80034
-0.27227, 0.93169, -1.63849, 0.11008, 1.05032, -1.27910, 0.16239, 0.99448, -1.85667, 0.01727, 1.03405, -1.80916
-0.27099, 0.93464, -1.65104, 0.10870, 1.05147, -1.27897, 0.17746, 0.99654, -1.86746, 0.01446, 1.03416, -1.81789
-0.26872, 0.93785, -1.66348, 0.10737, 1.05263, -1.27884, 0.19356, 0.99822, -1.87769, 0.01161, 1.03409, -1.82662
-0.26571, 0.94142, -1.67541, 0.10597, 1.05389, -1.27865, 0.21029, 0.99969, -1.88730, 0.00878, 1.03400, -1.83532
-0.26245, 0.94552, -1.68635, 0.10427, 1.05517, -1.27853, 0.22694, 1.00103, -1.89576, 0.00583, 1.03403, -1.84382
-0.25868, 0.95010, -1.69634, 0.10241, 1.05650, -1.27829, 0.24358, 1.00227, -1.90318, 0.00288, 1.03416, -1.85220
-0.25393, 0.95517, -1.70552, 0.10039, 1.05791, -1.27801, 0.26033, 1.00342, -1.90979, -0.00015, 1.03441, -1.86058
-0.24749, 0.96077, -1.71385, 0.09837, 1.05938, -1.27754, 0.27762, 1.00449, -1.91562, -0.00309, 1.03480, -1.86914
-0.23909, 0.96693, -1.72116, 0.09623, 1.06094, -1.27678, 0.29518, 1.00547, -1.92064, -0.00612, 1.03535, -1.87779
-0.22944, 0.97362, -1.72728, 0.09407, 1.06254, -1.27581, 0.31227, 1.00642, -1.92527, -0.00918, 1.03610, -1.88670
-0.21895, 0.98082, -1.73196, 0.09179, 1.06419, -1.27474, 0.32781, 1.00730, -1.92983, -0.01244, 1.03708, -1.89571
-0.20774, 0.98860, -1.73472, 0.08949, 1.06582, -1.27339, 0.34115, 1.00811, -1.93480, -0.01589, 1.03834, -1.90501
-0.19634, 0.99695, -1.73568, 0.08710, 1.06747, -1.27196, 0.35198, 1.00897, -1.94007, -0.01951, 1.03985, -1.91448
-0.18514, 1.00594, -1.73470, 0.08465, 1.06910, -1.27059, 0.35985, 1.01014, -1.94563, -0.02335, 1.04164, -1.92419
-0.17493, 1.01572, -1.73128, 0.08218, 1.07067, -1.26941, 0.36286, 1.01193, -1.95154, -0.02748, 1.04378, -1.93410
-0.16568, 1.02623, -1.72561, 0.07968, 1.07218, -1.26845, 0.36191, 1.01422, -1.95791, -0.03177, 1.04621, -1.94420
-0.15717, 1.03745, -1.71784, 0.07717, 1.07377, -1.26761, 0.35870, 1.01693, -1.96477, -0.03621, 1.04890, -1.95453
-0.14960, 1.04945, -1.70794, 0.07488, 1.07553, -1.26692, 0.35442, 1.02004, -1.97226, -0.04054, 1.05190, -1.96519
-0.14304, 1.06224, -1.69585, 0.07275, 1.07752, -1.26632, 0.34969, 1.02354, -1.98044, -0.04485, 1.05520, -1.97620
-0.13700, 1.07558, -1.68193, 0.07073, 1.07966, -1.26563, 0.34450, 1.02705, -1.98908, -0.04883, 1.05859, -1.98741
-0.13116, 1.08931, -1.66657, 0.06888, 1.08197, -1.26480, 0.33918, 1.03014, -1.99801, -0.05229, 1.06191, -1.99877
-0.12508, 1.10345, -1.64997, 0.06727, 1.08449, -1.26351, 0.33441, 1.03238, -2.00714, -0.05470, 1.06501, -2.01011
-0.11903, 1.11772, -1.63210, 0.06575, 1.08709, -1.26195, 0.32968, 1.03409, -2.01635, -0.05653, 1.06791, -2.02154
-0.11301, 1.13200, -1.61299, 0.06435, 1.08971, -1.26016, 0.32464, 1.03551, -2.02545, -0.05805, 1.07055, -2.03298
-0.10690, 1.14609, -1.59285, 0.06316, 1.09222, -1.25817, 0.31906, 1.03671, -2.03420, -0.05929, 1.07275, -2.04449
-0.10091, 1.15983, -1.57165, 0.06207, 1.09465, -1.25592, 0.31306, 1.03778, -2.04261, -0.06045, 1.07463, -2.05596
-0.09511, 1.17314, -1.54953, 0.06109, 1.09704, -1.25365, 0.30726, 1.03891, -2.05114, -0.06153, 1.07632, -2.06760
-0.08981, 1.18577, -1.52648, 0.06013, 1.09941, -1.25135, 0.30214, 1.04036, -2.05995, -0.06289, 1.07801, -2.07951
-0.08515, 1.19757, -1.50273, 0.05914, 1.10176, -1.24920, 0.29816, 1.04216, -2.06932, -0.06464, 1.07970, -2.09175
-0.08090, 1.20850, -1.47863, 0.05818, 1.10410, -1.24714, 0.29471, 1.04414, -2.07904, -0.06652, 1.08131, -2.10416
-0.07716, 1.21846, -1.45429, 0.05715, 1.10650, -1.24515, 0.29148, 1.04625, -2.08907, -0.06849, 1.08281, -2.11677
-0.07379, 1.22703, -1.43023, 0.05606, 1.10885, -1.24341, 0.28831, 1.04843, -2.09940, -0.07044, 1.08414, -2.12942
-0.07073, 1.23462, -1.40652, 0.05496, 1.11120, -1.24186, 0.28532, 1.05061, -2.10993, -0.07238, 1.08529, -2.14218
-0.06771, 1.24137, -1.38331, 0.05409, 1.11349, -1.24051, 0.28254, 1.05278, -2.12066, -0.07420, 1.08618, -2.15501
-0.06448, 1.24735, -1.36045, 0.05357, 1.11566, -1.23935, 0.28013, 1.05488, -2.13160, -0.07599, 1.08682, -2.16782
-0.06112, 1.25271, -1.33848, 0.05348, 1.11772, -1.23848, 0.27807, 1.05690, -2.14263, -0.07762, 1.08713, -2.18063
-0.05790, 1.25758, -1.31787, 0.05351, 1.11964, -1.23783, 0.27614, 1.05876, -2.15377, -0.07931, 1.08721, -2.19343
-0.05515, 1.26226, -1.29906, 0.05361, 1.12145, -1.23728, 0.27409, 1.06043, -2.16506, -0.08100, 1.08704, -2.20624
-0.05284, 1.26682, -1.28257, 0.05382, 1.12312, -1.23683, 0.27209, 1.06191, -2.17640, -0.08272, 1.08667, -2.21910
-0.05089, 1.27117, -1.26868, 0.05395, 1.12470, -1.23658, 0.26983, 1.06321, -2.18790, -0.08443, 1.08608, -2.23189
-0.04904, 1.27529, -1.25818, 0.05394, 1.12623, -1.23651, 0.26713, 1.06438, -2.19948, -0.08622, 1.08536, -2.24446
-0.04721, 1.27915, -1.25269, 0.05366, 1.12765, -1.23672, 0.26379, 1.06544, -2.21107, -0.08808, 1.08454, -2.25670
-0.04534, 1.28265, -1.25038, 0.05323, 1.12906, -1.23712, 0.25995, 1.06634, -2.22280, -0.09003, 1.08356, -2.26877
-0.04363, 1.28559, -1.25013, 0.05250, 1.13044, -1.23776, 0.25553, 1.06711, -2.23470, -0.09227, 1.08247, -2.28081
-0.04179, 1.28757, -1.25142, 0.05161, 1.13180, -1.23867, 0.25089, 1.06767, -2.24677, -0.09471, 1.08123, -2.29291
-0.04014, 1.28877, -1.25354, 0.05056, 1.13317, -1.23978, 0.24569, 1.06804, -2.25902, -0.09753, 1.07982, -2.30506
-0.03888, 1.28941, -1.25612, 0.04959, 1.13456, -1.24101, 0.24037, 1.06826, -2.27128, -0.10055, 1.07819, -2.31721
-0.03861, 1.28962, -1.25817, 0.04877, 1.13601, -1.24231, 0.23472, 1.06837, -2.28350, -0.10396, 1.07631, -2.32936
-0.03954, 1.28951, -1.25921, 0.04829, 1.13758, -1.24356, 0.22901, 1.06836, -2.29559, -0.10787, 1.07410, -2.34145
-0.04101, 1.28938, -1.26001, 0.04802, 1.13918, -1.24486, 0.22322, 1.06823, -2.30758, -0.11172, 1.07171, -2.35343
-0.04290, 1.28951, -1.26074, 0.04781, 1.14077, -1.24628, 0.21730, 1.06799, -2.31951, -0.11531, 1.06923, -2.36511
-0.04493, 1.29037, -1.26185, 0.04779, 1.14234, -1.24789, 0.21153, 1.06764, -2.33142, -0.11798, 1.06672, -2.37646
-0.04691, 1.29156, -1.26325, 0.04782, 1.14385, -1.24974, 0.20567, 1.06717, -2.34332, -0.12021, 1.06415, -2.38748
-0.04869, 1.29296, -1.26469, 0.04789, 1.14532, -1.25179, 0.19941, 1.06659, -2.35532, -0.12231, 1.06147, -2.39816
-0.04989, 1.29446, -1.26610, 0.04779, 1.14663, -1.25413, 0.19228, 1.06584, -2.36755, -0.12444, 1.05871, -2.40856
-0.05062, 1.29601, -1.26754, 0.04760, 1.14785, -1.25681, 0.18433, 1.06498, -2.38000, -0.12677, 1.05586, -2.41864
-0.05094, 1.29757, -1.26909, 0.04758, 1.14901, -1.25973, 0.17613, 1.06399, -2.39246, -0.12906, 1.05289, -2.42840
-0.05093, 1.29913, -1.27055, 0.04789, 1.15016, -1.26292, 0.16763, 1.06294, -2.40491, -0.13162, 1.04986, -2.43781
-0.05073, 1.30067, -1.27188, 0.04860, 1.15133, -1.26627, 0.15895, 1.06182, -2.41734, -0.13444, 1.04679, -2.44686
-0.05021, 1.30223, -1.27330, 0.04949, 1.15247, -1.26977, 0.15033, 1.06060, -2.42972, -0.13710, 1.04369, -2.45570
-0.04941, 1.30376, -1.27484, 0.05037, 1.15355, -1.27333, 0.14207, 1.05923, -2.44194, -0.13927, 1.04069, -2.46435
-0.04834, 1.30538, -1.27645, 0.05100, 1.15455, -1.27683, 0.13456, 1.05766, -2.45390, -0.14051, 1.03785, -2.47294
-0.04690, 1.30694, -1.27823, 0.05156, 1.15548, -1.28030, 0.12732, 1.05600, -2.46572, -0.14109, 1.03508, -2.48141
-0.04520, 1.30849, -1.28001, 0.05201, 1.15632, -1.28366, 0.11995, 1.05427, -2.47755, -0.14125, 1.03237, -2.48972
-0.04286, 1.30993, -1.28198, 0.05244, 1.15709, -1.28687, 0.11213, 1.05254, -2.48957, -0.14114, 1.02960, -2.49787
-0.04018, 1.31125, -1.28403, 0.05279, 1.15773, -1.29001, 0.10362, 1.05081, -2.50164, -0.14073, 1.02683, -2.50578
-0.03722, 1.31241, -1.28621, 0.05318, 1.15832, -1.29310, 0.09463, 1.04901, -2.51364, -0.13971, 1.02409, -2.51355
-0.03420, 1.31336, -1.28852, 0.05350, 1.15878, -1.29637, 0.08505, 1.04710, -2.52541, -0.13783, 1.02140, -2.52118
-0.03120, 1.31405, -1.29093, 0.05369, 1.15916, -1.29980, 0.07481, 1.04506, -2.53693, -0.13498, 1.01882, -2.52869
-0.02826, 1.31455, -1.29361, 0.05394, 1.15948, -1.30334, 0.06449, 1.04291, -2.54812, -0.13150, 1.01636, -2.53622
-0.02535, 1.31488, -1.29641, 0.05414, 1.15978, -1.30697, 0.05425, 1.04065, -2.55899, -0.12765, 1.01406, -2.54378
-0.02262, 1.31504, -1.29963, 0.05432, 1.16013, -1.31071, 0.04463, 1.03821, -2.56947, -0.12354, 1.01203, -2.55173
-0.02002, 1.31505, -1.30307, 0.05460, 1.16045, -1.31445, 0.03540, 1.03571, -2.57969, -0.11933, 1.01012, -2.55971
